0.000000 29047.218030
1.000000 29044.682172
2.000000 29037.060764
3.000000 31152.055683
4.000000 35978.233849
5.000000 41439.379779
6.000000 46961.338927
7.000000 52232.891106
8.000000 57194.943670
9.000000 60226.307496
10.000000 62410.898143
11.000000 62125.403652
12.000000 60135.264746
13.000000 60472.297451
14.000000 60479.868406
15.000000 60411.140046
16.000000 57706.869764
17.000000 56274.356778
18.000000 57356.458002
19.000000 57485.881467
20.000000 57140.833213
21.000000 56996.948426
22.000000 59048.707849
23.000000 60358.745970
24.000000 56420.875529
25.000000 51498.422163
26.000000 50445.208205
27.000000 50510.230142
28.000000 50522.520141
29.000000 50479.902850
30.000000 50309.445107
31.000000 54304.808564
32.000000 58668.285925
33.000000 59208.343582
34.000000 59672.766562
35.000000 59732.177983
36.000000 59811.419396
37.000000 59263.225004
38.000000 59487.210207
39.000000 61964.007906
40.000000 63174.662585
41.000000 60896.771790
42.000000 57457.571460
43.000000 52554.118591
44.000000 47115.306580
45.000000 41857.071663
46.000000 39209.162265
47.000000 39219.439885
48.000000 39222.487908
49.000000 39220.139726
50.000000 39212.211539
51.000000 41269.314747
52.000000 46421.112769
53.000000 51888.622185
54.000000 56994.089734
55.000000 60649.824071
56.000000 63309.998870
57.000000 62612.812221
58.000000 60205.400462
59.000000 59746.380313
60.000000 60185.752822
61.000000 60276.034052
62.000000 60181.878344
63.000000 59673.401710
64.000000 59421.074744
65.000000 55476.011325
66.000000 51230.520162
67.000000 51241.290201
68.000000 51268.133134
69.000000 51266.368231
70.000000 51233.309876
71.000000 51845.156910
72.000000 56448.078668
73.000000 60719.300765
74.000000 60226.823841
75.000000 58078.309229
76.000000 58144.910302
77.000000 58493.943690
78.000000 58407.819143
79.000000 57565.345786
80.000000 58493.288782
81.000000 61243.739632
82.000000 61789.976016
83.000000 61682.092086
84.000000 61459.714848
85.000000 63095.198676
86.000000 63708.008754
87.000000 61405.342038
88.000000 58249.696412
89.000000 53264.677406
90.000000 48034.308839
91.000000 42604.407596
92.000000 37271.174230
93.000000 32578.187162
94.000000 30347.398436
95.000000 30355.088932
96.000000 30357.851191
97.000000 30355.684756
98.000000 30348.589982
99.000000 32099.730512
100.000000 36653.583438
101.000000 41941.319775
102.000000 47379.383949
103.000000 52602.459611
104.000000 57586.803113
105.000000 61088.089373
106.000000 63434.123054
107.000000 62288.793415
108.000000 61895.029752
109.000000 61983.657741
110.000000 61440.061784
111.000000 58980.915065
112.000000 57868.513708
113.000000 58887.618254
114.000000 59028.078016
115.000000 58792.478612
116.000000 58530.187884
117.000000 59158.789781
118.000000 56366.932635
119.000000 52347.250185
120.000000 52506.544173
121.000000 52570.874917
122.000000 52557.102172
123.000000 52405.928666
124.000000 53449.025141
125.000000 57011.149433
126.000000 59559.032703
127.000000 60983.331292
128.000000 60744.672279
129.000000 60662.789075
130.000000 60486.165525
131.000000 61567.269807
132.000000 59444.814870
133.000000 54484.480564
134.000000 49236.584468
135.000000 43712.985298
136.000000 41125.580886
137.000000 41142.048449
138.000000 41144.954762
139.000000 41141.417780
140.000000 41122.524094
141.000000 43662.041608
142.000000 49165.097665
143.000000 54367.543868
144.000000 59276.609167
145.000000 61323.771928
146.000000 60043.861984
147.000000 60236.520168
148.000000 60294.524513
149.000000 60529.032043
150.000000 59099.386029
151.000000 56541.804688
152.000000 52861.303430
153.000000 51676.285282
154.000000 51857.266400
155.000000 51879.223778
156.000000 51790.478619
157.000000 51558.597755
158.000000 55665.251291
159.000000 58516.428694
160.000000 57526.481429
161.000000 57799.717503
162.000000 58053.880266
163.000000 57948.402627
164.000000 56732.106193
165.000000 57827.858313
166.000000 60400.702839
167.000000 60783.941349
168.000000 60716.862736
169.000000 61034.097100
170.000000 62365.854947
171.000000 60269.432640
172.000000 57074.426465
173.000000 52195.737906
174.000000 46983.025254
175.000000 41452.157171
176.000000 35992.579012
177.000000 31164.396926
178.000000 29036.861920
179.000000 29044.498020
180.000000 29047.048560
181.000000 29044.513124
182.000000 29036.892126
183.000000 31151.847062
184.000000 35978.206101
185.000000 41439.362725
186.000000 46961.145615
187.000000 52232.171375
188.000000 57193.329753
189.000000 60223.299610
190.000000 62407.821412
191.000000 62126.631769
192.000000 60135.497573
193.000000 60472.339305
194.000000 60479.893519
195.000000 60411.998448
196.000000 57707.352510
197.000000 56274.484027
198.000000 57356.580862
199.000000 57486.012221
200.000000 57141.024934
201.000000 56997.163179
202.000000 59046.923546
203.000000 60357.261764
204.000000 56420.129184
205.000000 51497.922958
206.000000 50445.479261
207.000000 50510.457232
208.000000 50522.741042
209.000000 50480.162210
210.000000 50309.827887
211.000000 54305.470001
212.000000 58670.673525
213.000000 59216.958286
214.000000 59673.062500
215.000000 59732.608416
216.000000 59811.379275
217.000000 59263.571803
218.000000 59487.905842
219.000000 61965.377228
220.000000 63170.436427
221.000000 60890.509185
222.000000 57451.981105
223.000000 52550.747442
224.000000 47113.977922
225.000000 41855.546548
226.000000 39209.597973
227.000000 39219.868956
228.000000 39222.912396
229.000000 39220.559735
230.000000 39212.627313
231.000000 41271.302294
232.000000 46422.117824
233.000000 51891.474189
234.000000 57002.056990
235.000000 60672.932865
236.000000 63332.569957
237.000000 62600.210020
238.000000 60201.269928
239.000000 59746.543255
240.000000 60186.151627
241.000000 60275.965664
242.000000 60182.004574
243.000000 59662.847646
244.000000 59413.394954
245.000000 55471.268520
246.000000 51228.625748
247.000000 51241.560947
248.000000 51268.385304
249.000000 51266.618213
250.000000 51233.579015
251.000000 51848.700414
252.000000 56453.855125
253.000000 60727.593926
254.000000 60225.445987
255.000000 58078.390484
256.000000 58144.997794
257.000000 58493.971460
258.000000 58407.650588
259.000000 57564.827107
260.000000 58495.942611
261.000000 61249.114631
262.000000 61792.520040
263.000000 61682.098686
264.000000 61459.767842
265.000000 63099.082356
266.000000 63699.016937
267.000000 61395.839809
268.000000 58248.557899
269.000000 53264.358795
270.000000 48034.273326
271.000000 42604.440795
272.000000 37271.966012
273.000000 32579.376239
274.000000 30347.626381
275.000000 30355.318842
276.000000 30358.083074
277.000000 30355.918624
278.000000 30348.825850
279.000000 32098.896855
280.000000 36652.731273
281.000000 41941.129027
282.000000 47379.100208
283.000000 52602.035848
284.000000 57585.287198
285.000000 61082.315285
286.000000 63429.422251
287.000000 62289.393858
288.000000 61895.072079
289.000000 61983.911976
290.000000 61443.336583
291.000000 58982.582401
292.000000 57868.490027
293.000000 58887.527087
294.000000 59028.061076
295.000000 58792.524955
296.000000 58532.202635
297.000000 59159.973291
298.000000 56369.503136
299.000000 52348.142960
300.000000 52506.739456
301.000000 52571.058074
302.000000 52557.298496
303.000000 52406.152587
304.000000 53447.016608
305.000000 57004.616732
306.000000 59545.134578
307.000000 60975.816241
308.000000 60744.884226
309.000000 60662.931272
310.000000 60486.350766
311.000000 61574.213580
312.000000 59462.386311
313.000000 54492.806892
314.000000 49238.639795
315.000000 43716.408453
316.000000 41126.133812
317.000000 41142.589071
318.000000 41145.502261
319.000000 41141.973326
320.000000 41123.100166
321.000000 43659.084742
322.000000 49162.883341
323.000000 54362.111953
324.000000 59265.926358
325.000000 61303.104887
326.000000 60044.208656
327.000000 60236.791258
328.000000 60294.543289
329.000000 60537.763027
330.000000 59115.392344
331.000000 56548.532862
332.000000 52863.430002
333.000000 51676.720780
334.000000 51857.596440
335.000000 51879.528834
336.000000 51790.837834
337.000000 51558.478285
338.000000 55663.268423
339.000000 58512.530809
340.000000 57521.000385
341.000000 57800.008106
342.000000 58054.089738
343.000000 57948.673384
344.000000 56732.417281
345.000000 57827.807786
346.000000 60400.613463
347.000000 60784.184425
348.000000 60717.015970
349.000000 61034.221939
350.000000 62364.763412
351.000000 60267.992705
352.000000 57073.560459
353.000000 52195.266016
354.000000 46982.913321
355.000000 41452.169786
356.000000 35992.645166
357.000000 31164.436396
358.000000 29037.032276
359.000000 29044.667927
