0.000000 298.512846
1.000000 298.477056
2.000000 298.369692
3.000000 331.598384
4.000000 402.587424
5.000000 478.519166
6.000000 551.581774
7.000000 616.863076
8.000000 673.868002
9.000000 687.983359
10.000000 701.149827
11.000000 699.029401
12.000000 655.003289
13.000000 666.992667
14.000000 662.845159
15.000000 673.997608
16.000000 625.270639
17.000000 597.997116
18.000000 624.434310
19.000000 626.201211
20.000000 615.688731
21.000000 610.955057
22.000000 650.941274
23.000000 684.188932
24.000000 627.982444
25.000000 538.809346
26.000000 520.837393
27.000000 524.320704
28.000000 524.868179
29.000000 521.770712
30.000000 514.956061
31.000000 592.706494
32.000000 658.714091
33.000000 639.025459
34.000000 638.325724
35.000000 639.726495
36.000000 643.273999
37.000000 625.972130
38.000000 631.396728
39.000000 678.203164
40.000000 689.310845
41.000000 675.638482
42.000000 652.643712
43.000000 588.047376
44.000000 508.016647
45.000000 422.016139
46.000000 375.998506
47.000000 376.268081
48.000000 376.315595
49.000000 376.274658
50.000000 376.145268
51.000000 416.756664
52.000000 504.187788
53.000000 586.083812
54.000000 656.046480
55.000000 683.273505
56.000000 700.316210
57.000000 694.751964
58.000000 645.527061
59.000000 634.892102
60.000000 649.789695
61.000000 649.147660
62.000000 644.375379
63.000000 645.370847
64.000000 673.038997
65.000000 607.981031
66.000000 522.357748
67.000000 527.033908
68.000000 527.343419
69.000000 527.331918
70.000000 526.989959
71.000000 537.353939
72.000000 628.162269
73.000000 699.147204
74.000000 671.808124
75.000000 616.486384
76.000000 619.155663
77.000000 633.833706
78.000000 632.533722
79.000000 610.137793
80.000000 633.814622
81.000000 691.219504
82.000000 682.499144
83.000000 675.680919
84.000000 663.028955
85.000000 700.633140
86.000000 716.324364
87.000000 707.107513
88.000000 695.081669
89.000000 632.089795
90.000000 563.590463
91.000000 484.408882
92.000000 406.083202
93.000000 334.541684
94.000000 299.706188
95.000000 299.816250
96.000000 299.855046
97.000000 299.822569
98.000000 299.718825
99.000000 329.096644
100.000000 399.278178
101.000000 477.140776
102.000000 556.144584
103.000000 623.729578
104.000000 686.044251
105.000000 707.526518
106.000000 719.147326
107.000000 682.623687
108.000000 678.516876
109.000000 685.862670
110.000000 691.804824
111.000000 648.724919
112.000000 629.341460
113.000000 658.657917
114.000000 665.177103
115.000000 665.129455
116.000000 663.969560
117.000000 693.463944
118.000000 648.882145
119.000000 584.091653
120.000000 584.131421
121.000000 584.195302
122.000000 584.179592
123.000000 584.084276
124.000000 602.817505
125.000000 686.475393
126.000000 777.120042
127.000000 840.637619
128.000000 842.695440
129.000000 842.695440
130.000000 842.695440
131.000000 814.083136
132.000000 743.413036
133.000000 658.302942
134.000000 571.989209
135.000000 496.934246
136.000000 461.782699
137.000000 461.912414
138.000000 461.959178
139.000000 461.923010
140.000000 461.803897
141.000000 489.005637
142.000000 561.482829
143.000000 647.092759
144.000000 733.030381
145.000000 806.457791
146.000000 842.695440
147.000000 842.695440
148.000000 842.695440
149.000000 842.695440
150.000000 842.695440
151.000000 842.695440
152.000000 842.695440
153.000000 842.695440
154.000000 842.695440
155.000000 842.695440
156.000000 842.695440
157.000000 842.695440
158.000000 842.695440
159.000000 842.695440
160.000000 842.695440
161.000000 842.695440
162.000000 842.695440
163.000000 842.695440
164.000000 842.695440
165.000000 842.695440
166.000000 842.695440
167.000000 842.695440
168.000000 842.695440
169.000000 842.695440
170.000000 831.214102
171.000000 782.670027
172.000000 717.483546
173.000000 644.223174
174.000000 568.983665
175.000000 497.000909
176.000000 433.045360
177.000000 382.353120
178.000000 361.886634
179.000000 361.989636
180.000000 362.023970
181.000000 361.989636
182.000000 361.886634
183.000000 382.353120
184.000000 433.045360
185.000000 497.000909
186.000000 568.983665
187.000000 644.223174
188.000000 717.483546
189.000000 782.670027
190.000000 831.214102
191.000000 842.695440
192.000000 842.695440
193.000000 842.695440
194.000000 842.695440
195.000000 842.695440
196.000000 842.695440
197.000000 842.695440
198.000000 842.695440
199.000000 842.695440
200.000000 842.695440
201.000000 842.695440
202.000000 842.695440
203.000000 842.695440
204.000000 842.695440
205.000000 842.695440
206.000000 842.695440
207.000000 842.695440
208.000000 842.695440
209.000000 842.695440
210.000000 842.695440
211.000000 842.695440
212.000000 842.695440
213.000000 842.695440
214.000000 842.695440
215.000000 842.695440
216.000000 842.695440
217.000000 842.695440
218.000000 842.695440
219.000000 842.695440
220.000000 832.565323
221.000000 775.330925
222.000000 697.905297
223.000000 613.463117
224.000000 531.890191
225.000000 463.336323
226.000000 433.660640
227.000000 433.783387
228.000000 433.825594
229.000000 433.787274
230.000000 433.668415
231.000000 460.599743
232.000000 528.189738
233.000000 609.384047
234.000000 693.905756
235.000000 771.923824
236.000000 830.594961
237.000000 842.695440
238.000000 842.695440
239.000000 842.695440
240.000000 842.695440
241.000000 842.695440
242.000000 842.695440
243.000000 842.695440
244.000000 842.695440
245.000000 842.695440
246.000000 842.695440
247.000000 842.695440
248.000000 842.695440
249.000000 842.695440
250.000000 842.695440
251.000000 842.695440
252.000000 842.695440
253.000000 842.695440
254.000000 842.695440
255.000000 842.695440
256.000000 842.695440
257.000000 842.695440
258.000000 842.695440
259.000000 842.695440
260.000000 842.695440
261.000000 842.695440
262.000000 842.695440
263.000000 842.695440
264.000000 842.695440
265.000000 842.695440
266.000000 832.509963
267.000000 784.842114
268.000000 720.086791
269.000000 647.001941
270.000000 571.731706
271.000000 499.537005
272.000000 435.200529
273.000000 383.895395
274.000000 361.926067
275.000000 362.031537
276.000000 362.068330
277.000000 362.036444
278.000000 361.935882
279.000000 380.939825
280.000000 431.029187
281.000000 494.623762
282.000000 566.411961
283.000000 641.629676
284.000000 715.060152
285.000000 780.648696
286.000000 829.984407
287.000000 842.695440
288.000000 842.695440
289.000000 842.695440
290.000000 842.695440
291.000000 842.695440
292.000000 842.695440
293.000000 842.695440
294.000000 842.695440
295.000000 842.695440
296.000000 842.695440
297.000000 842.695440
298.000000 842.695440
299.000000 842.695440
300.000000 842.695440
301.000000 842.695440
302.000000 842.695440
303.000000 842.695440
304.000000 842.695440
305.000000 842.695440
306.000000 842.695440
307.000000 842.695440
308.000000 842.695440
309.000000 842.695440
310.000000 842.695440
311.000000 808.309148
312.000000 735.507927
313.000000 649.750347
314.000000 563.956931
315.000000 490.833980
316.000000 461.774633
317.000000 461.896290
318.000000 461.935001
319.000000 461.890783
320.000000 461.763616
321.000000 494.955890
322.000000 569.417795
323.000000 655.577121
324.000000 740.904991
325.000000 812.274328
326.000000 842.695440
327.000000 842.695440
328.000000 842.695440
329.000000 840.486127
330.000000 776.686167
331.000000 685.992996
332.000000 602.490801
333.000000 584.150660
334.000000 584.245491
335.000000 584.260722
336.000000 584.196370
337.000000 584.242679
338.000000 649.412177
339.000000 693.403737
340.000000 663.911380
341.000000 665.028729
342.000000 665.076015
343.000000 658.637431
344.000000 629.309908
345.000000 648.927698
346.000000 692.213067
347.000000 685.768163
348.000000 678.740087
349.000000 681.442063
350.000000 706.441732
351.000000 689.977568
352.000000 671.575903
353.000000 615.298288
354.000000 552.011410
355.000000 478.380159
356.000000 402.529806
357.000000 331.598384
358.000000 298.369692
359.000000 298.477056
