0.000000 37490.625597
1.000000 37490.625597
2.000000 37490.625597
3.000000 42174.847067
4.000000 51304.867080
5.000000 59779.305505
6.000000 67073.581826
7.000000 73260.745080
8.000000 78614.132715
9.000000 81657.069574
10.000000 83780.794139
11.000000 83462.878240
12.000000 81315.330381
13.000000 81695.863228
14.000000 81700.896942
15.000000 81694.836903
16.000000 59029.485331
17.000000 57569.001621
18.000000 58678.883894
19.000000 58809.464225
20.000000 58455.439399
21.000000 58309.286124
22.000000 60383.101988
23.000000 61701.042130
24.000000 57872.069759
25.000000 52750.368028
26.000000 51589.175858
27.000000 51657.525647
28.000000 51670.568302
29.000000 51625.417503
30.000000 51439.456705
31.000000 55728.754900
32.000000 60082.033953
33.000000 60521.149620
34.000000 60919.393454
35.000000 60977.977604
36.000000 61060.883674
37.000000 60505.029963
38.000000 60733.581133
39.000000 63165.371488
40.000000 64314.710157
41.000000 62225.306560
42.000000 58993.341712
43.000000 54126.228244
44.000000 48278.557517
45.000000 41923.396426
46.000000 34675.724768
47.000000 34678.153734
48.000000 34678.153734
49.000000 34678.153734
50.000000 34677.910810
51.000000 37305.440001
52.000000 43274.636506
53.000000 48946.166337
54.000000 53851.603951
55.000000 57185.918722
56.000000 59562.136824
57.000000 58911.475434
58.000000 56639.601573
59.000000 56193.253566
60.000000 56623.269187
61.000000 56706.765303
62.000000 56615.094267
63.000000 56171.939900
64.000000 56019.443928
65.000000 52259.891025
66.000000 47939.204134
67.000000 47948.153576
68.000000 47973.373123
69.000000 47971.980482
70.000000 47940.940797
71.000000 48585.165211
72.000000 53202.202673
73.000000 57226.942206
74.000000 56714.589961
75.000000 54620.143893
76.000000 60227.579671
77.000000 60595.316308
78.000000 60506.770813
79.000000 59633.366847
80.000000 60584.272591
81.000000 63314.273446
82.000000 63798.980620
83.000000 63688.566043
84.000000 63464.999330
85.000000 65088.561328
86.000000 65692.820545
87.000000 63587.280207
88.000000 60660.054718
89.000000 55808.250690
90.000000 50403.093088
91.000000 44265.568907
92.000000 37445.341388
93.000000 30493.074414
94.000000 26805.436188
95.000000 26805.436188
96.000000 26805.436188
97.000000 26805.436188
98.000000 26805.436188
99.000000 29722.573038
100.000000 36587.685346
101.000000 43467.160121
102.000000 49695.762855
103.000000 55143.691243
104.000000 60025.703652
105.000000 63297.933184
106.000000 92064.893748
107.000000 93704.554259
108.000000 93601.797921
109.000000 93624.959549
110.000000 92379.431898
111.000000 90769.492125
112.000000 90116.361404
113.000000 90566.541722
114.000000 90657.089715
115.000000 90620.242657
116.000000 89269.597790
117.000000 89522.650079
118.000000 87196.544000
119.000000 83952.196878
120.000000 84008.429279
121.000000 84029.907843
122.000000 84027.552805
123.000000 83962.228856
124.000000 84821.045245
125.000000 87780.185265
126.000000 89943.517861
127.000000 90913.553683
128.000000 91911.039863
129.000000 91841.991851
130.000000 91816.369518
131.000000 90598.921432
132.000000 88657.065731
133.000000 84120.000858
134.000000 78856.861635
135.000000 72620.724332
136.000000 76054.132417
137.000000 76058.628088
138.000000 76058.634995
139.000000 76058.508791
140.000000 76049.783610
141.000000 79408.098704
142.000000 97536.083992
143.000000 99002.336924
144.000000 100260.411743
145.000000 100747.414085
146.000000 100398.930492
147.000000 100450.444081
148.000000 100465.323148
149.000000 100528.179092
150.000000 100182.143939
151.000000 99534.623693
152.000000 98521.752266
153.000000 98170.522982
154.000000 98224.738622
155.000000 98231.282988
156.000000 98205.016879
157.000000 98135.645540
158.000000 99304.197524
159.000000 100047.828152
160.000000 99764.634678
161.000000 99831.607839
162.000000 99900.218040
163.000000 99872.816645
164.000000 99541.144138
165.000000 99839.337294
166.000000 107458.048215
167.000000 107540.790609
168.000000 107523.502467
169.000000 107603.781486
170.000000 107943.155169
171.000000 107459.460376
172.000000 106701.314333
173.000000 105462.737003
174.000000 104017.760575
175.000000 102267.398817
176.000000 100173.462168
177.000000 97776.709073
178.000000 73391.411523
179.000000 73391.411523
180.000000 73391.411523
181.000000 73391.411523
182.000000 73391.411523
183.000000 97769.340223
184.000000 100167.181913
185.000000 102263.002029
186.000000 104011.267440
187.000000 105472.824843
188.000000 106731.461158
189.000000 107447.858685
190.000000 107950.345824
191.000000 107876.861843
192.000000 107371.555790
193.000000 107460.975227
194.000000 107462.151277
195.000000 107460.070609
196.000000 112909.301615
197.000000 112529.372108
198.000000 112819.128576
199.000000 112853.019642
200.000000 112760.897698
201.000000 112722.710631
202.000000 113258.365987
203.000000 113596.367770
204.000000 112619.795855
205.000000 111269.208590
206.000000 110954.690846
207.000000 110973.479343
208.000000 110977.061930
209.000000 110964.651504
210.000000 110913.473140
211.000000 112062.178057
212.000000 113187.117475
213.000000 113293.766802
214.000000 113388.595348
215.000000 113403.751394
216.000000 113425.080893
217.000000 113281.541643
218.000000 113340.549273
219.000000 113960.398572
220.000000 114247.255879
221.000000 113727.597079
222.000000 112913.280464
223.000000 111656.044568
224.000000 110084.333387
225.000000 108263.309666
226.000000 99143.026456
227.000000 99143.888697
228.000000 99143.888697
229.000000 99143.888697
230.000000 99143.802485
231.000000 100028.178740
232.000000 101887.240241
233.000000 103528.417387
234.000000 104883.599860
235.000000 105780.244513
236.000000 106405.990805
237.000000 106224.734240
238.000000 105613.966045
239.000000 105492.850669
240.000000 105611.093485
241.000000 105633.750707
242.000000 105608.645892
243.000000 105490.621087
244.000000 105458.384802
245.000000 104430.571294
246.000000 103202.140922
247.000000 103205.760216
248.000000 103213.170253
249.000000 103212.761316
250.000000 103203.636023
251.000000 103391.203810
252.000000 104694.000564
253.000000 105786.533806
254.000000 105642.279349
255.000000 105067.825489
256.000000 99106.085302
257.000000 99203.796938
258.000000 99180.266076
259.000000 98947.779640
260.000000 99200.859402
261.000000 99917.311791
262.000000 100040.154265
263.000000 100010.548822
264.000000 99951.801090
265.000000 100375.678124
266.000000 100529.108235
267.000000 99989.218922
268.000000 99235.471146
269.000000 97963.965799
270.000000 96513.462471
271.000000 76006.349175
272.000000 68244.391357
273.000000 59863.033636
274.000000 55170.209704
275.000000 55170.209704
276.000000 55170.209704
277.000000 55170.209704
278.000000 55170.209704
279.000000 58901.198248
280.000000 67242.465002
281.000000 75126.830195
282.000000 96320.071695
283.000000 97787.684082
284.000000 99070.310500
285.000000 99915.775791
286.000000 117595.807679
287.000000 117311.143487
288.000000 117213.213881
289.000000 117235.356774
290.000000 117118.527313
291.000000 116513.454844
292.000000 116223.783931
293.000000 116491.748712
294.000000 116527.183422
295.000000 116465.064390
296.000000 116406.559971
297.000000 116592.132551
298.000000 115899.702060
299.000000 114802.999808
300.000000 114848.896399
301.000000 114867.126577
302.000000 114863.184121
303.000000 114819.304806
304.000000 115116.747801
305.000000 116058.196087
306.000000 116673.101509
307.000000 117002.273016
308.000000 116942.938016
309.000000 116922.743753
310.000000 116877.309931
311.000000 117166.986847
312.000000 116690.853786
313.000000 115475.728436
314.000000 114054.375635
315.000000 112298.805468
316.000000 122314.673528
317.000000 122317.828875
318.000000 122317.853867
319.000000 122317.561669
320.000000 122313.435240
321.000000 123218.821166
322.000000 124873.482766
323.000000 126195.581887
324.000000 127316.437056
325.000000 127743.957876
326.000000 127435.526529
327.000000 127481.593975
328.000000 127494.820799
329.000000 127552.822535
330.000000 127248.912122
331.000000 126670.669711
332.000000 125758.977764
333.000000 125440.604432
334.000000 125489.815855
335.000000 125495.754680
336.000000 125471.926077
337.000000 125408.802140
338.000000 126462.663999
339.000000 127126.777365
340.000000 126871.293044
341.000000 126931.706847
342.000000 126993.181869
343.000000 126968.682065
344.000000 126671.053125
345.000000 126938.440997
346.000000 81687.159786
347.000000 82035.725058
348.000000 81962.045801
349.000000 82303.462714
350.000000 83747.639335
351.000000 81702.295938
352.000000 78483.635871
353.000000 73216.874367
354.000000 67100.636609
355.000000 59797.435549
356.000000 51329.643599
357.000000 42201.248449
358.000000 37490.625597
359.000000 37490.625597
