0.000000 371.599949
1.000000 371.599949
2.000000 371.599949
3.000000 447.760095
4.000000 584.777559
5.000000 703.392606
6.000000 800.379099
7.000000 877.665216
8.000000 939.907336
9.000000 953.290446
10.000000 965.887476
11.000000 963.555468
12.000000 916.497282
13.000000 930.206089
14.000000 925.475934
15.000000 938.929461
16.000000 647.561348
17.000000 619.613395
18.000000 646.241255
19.000000 647.917280
20.000000 637.677704
21.000000 632.947510
22.000000 672.873027
23.000000 705.120897
24.000000 650.843553
25.000000 558.104806
26.000000 537.935419
27.000000 541.900747
28.000000 542.523308
29.000000 538.946305
30.000000 531.494773
31.000000 615.251124
32.000000 680.956551
33.000000 661.183448
34.000000 660.424442
35.000000 661.697761
36.000000 665.087611
37.000000 648.066111
38.000000 653.644532
39.000000 699.381856
40.000000 709.116439
41.000000 696.693792
42.000000 675.502608
43.000000 610.924348
44.000000 524.207611
45.000000 418.479575
46.000000 314.250067
47.000000 314.427100
48.000000 314.427100
49.000000 314.427100
50.000000 314.427100
51.000000 367.640179
52.000000 469.861780
53.000000 554.763885
54.000000 621.892178
55.000000 645.994349
56.000000 660.434458
57.000000 655.219897
58.000000 609.733170
59.000000 599.648875
60.000000 614.627054
61.000000 613.968873
62.000000 609.200012
63.000000 610.315206
64.000000 636.846509
65.000000 575.315448
66.000000 488.488531
67.000000 493.711171
68.000000 493.964794
69.000000 493.964794
70.000000 493.700628
71.000000 504.297555
72.000000 594.513439
73.000000 660.603701
74.000000 635.210492
75.000000 582.327161
76.000000 650.273499
77.000000 665.983740
78.000000 664.630163
79.000000 640.617867
80.000000 664.040317
81.000000 720.177849
82.000000 711.035356
83.000000 704.143085
84.000000 691.346036
85.000000 729.232326
86.000000 744.910330
87.000000 737.023490
88.000000 726.509825
89.000000 665.495355
90.000000 595.370007
91.000000 505.786421
92.000000 404.692871
93.000000 296.144056
94.000000 236.751199
95.000000 236.751199
96.000000 236.751199
97.000000 236.751199
98.000000 236.751199
99.000000 287.241654
100.000000 395.217916
101.000000 497.050926
102.000000 587.325535
103.000000 656.975108
104.000000 717.928116
105.000000 737.576882
106.000000 1083.543754
107.000000 1147.355829
108.000000 1146.257950
109.000000 1148.192014
110.000000 1149.768533
111.000000 1138.264539
112.000000 1132.903821
113.000000 1140.926940
114.000000 1142.672107
115.000000 1142.672107
116.000000 1142.393043
117.000000 1150.269647
118.000000 1138.349655
119.000000 1119.950083
120.000000 1119.919514
121.000000 1119.919514
122.000000 1119.919514
123.000000 1119.919514
124.000000 1125.421277
125.000000 1148.431379
126.000000 1171.419658
127.000000 1186.666425
128.000000 1187.150505
129.000000 1187.150505
130.000000 1187.150505
131.000000 1180.380945
132.000000 1163.107878
133.000000 1140.983096
134.000000 1116.454324
135.000000 1092.575232
136.000000 1170.904664
137.000000 1170.904664
138.000000 1170.904664
139.000000 1170.904664
140.000000 1170.904664
141.000000 1180.615817
142.000000 1204.093383
143.000000 1228.753150
144.000000 1251.261687
145.000000 1269.241746
146.000000 1277.784380
147.000000 1277.784380
148.000000 1277.784380
149.000000 1277.784380
150.000000 1277.784380
151.000000 1277.784380
152.000000 1277.784380
153.000000 1277.784380
154.000000 1277.784380
155.000000 1277.784380
156.000000 1277.784380
157.000000 1277.784380
158.000000 1277.784380
159.000000 1277.784380
160.000000 1277.784380
161.000000 1277.784380
162.000000 1277.784380
163.000000 1277.784380
164.000000 1277.784380
165.000000 1277.784380
166.000000 1364.399620
167.000000 1364.399620
168.000000 1364.399620
169.000000 1364.399620
170.000000 1361.766259
171.000000 1350.395581
172.000000 1334.447384
173.000000 1315.345779
174.000000 1293.968255
175.000000 1271.132874
176.000000 1247.933461
177.000000 1226.589357
178.000000 1216.887548
179.000000 1216.887548
180.000000 1216.887548
181.000000 1216.887548
182.000000 1216.887548
183.000000 1226.589357
184.000000 1247.933461
185.000000 1271.132874
186.000000 1293.968255
187.000000 1315.345779
188.000000 1334.447384
189.000000 1350.395581
190.000000 1361.766259
191.000000 1364.399620
192.000000 1364.399620
193.000000 1364.399620
194.000000 1364.399620
195.000000 1364.399620
196.000000 1440.555464
197.000000 1440.555464
198.000000 1440.555464
199.000000 1440.555464
200.000000 1440.555464
201.000000 1440.555464
202.000000 1440.555464
203.000000 1440.555464
204.000000 1440.555464
205.000000 1440.555464
206.000000 1440.555464
207.000000 1440.555464
208.000000 1440.555464
209.000000 1440.555464
210.000000 1440.555464
211.000000 1440.555464
212.000000 1440.555464
213.000000 1440.555464
214.000000 1440.555464
215.000000 1440.555464
216.000000 1440.555464
217.000000 1440.555464
218.000000 1440.555464
219.000000 1440.555464
220.000000 1438.281089
221.000000 1425.117388
222.000000 1406.319630
223.000000 1384.088196
224.000000 1360.152623
225.000000 1337.241190
226.000000 1225.593118
227.000000 1225.593118
228.000000 1225.593118
229.000000 1225.593118
230.000000 1225.593118
231.000000 1235.820539
232.000000 1258.913492
233.000000 1283.331964
234.000000 1306.183796
235.000000 1325.667741
236.000000 1339.563477
237.000000 1342.360891
238.000000 1342.360891
239.000000 1342.360891
240.000000 1342.360891
241.000000 1342.360891
242.000000 1342.360891
243.000000 1342.360891
244.000000 1342.360891
245.000000 1342.360891
246.000000 1342.360891
247.000000 1342.360891
248.000000 1342.360891
249.000000 1342.360891
250.000000 1342.360891
251.000000 1342.360891
252.000000 1342.360891
253.000000 1342.360891
254.000000 1342.360891
255.000000 1342.360891
256.000000 1267.901748
257.000000 1267.901748
258.000000 1267.901748
259.000000 1267.901748
260.000000 1267.901748
261.000000 1267.901748
262.000000 1267.901748
263.000000 1267.901748
264.000000 1267.901748
265.000000 1267.901748
266.000000 1265.525949
267.000000 1254.189831
268.000000 1238.144761
269.000000 1218.903075
270.000000 1197.380927
271.000000 1174.415514
272.000000 1151.096716
273.000000 1129.572218
274.000000 1119.191189
275.000000 1119.191189
276.000000 1119.191189
277.000000 1119.191189
278.000000 1119.191189
279.000000 1128.225634
280.000000 1149.460430
281.000000 1172.744670
282.000000 1195.777184
283.000000 1217.431101
284.000000 1236.863437
285.000000 1253.174641
286.000000 1478.567885
287.000000 1481.369611
288.000000 1481.369611
289.000000 1481.369611
290.000000 1481.369611
291.000000 1481.369611
292.000000 1481.369611
293.000000 1481.369611
294.000000 1481.369611
295.000000 1481.369611
296.000000 1481.369611
297.000000 1481.369611
298.000000 1481.369611
299.000000 1481.369611
300.000000 1481.369611
301.000000 1481.369611
302.000000 1481.369611
303.000000 1481.369611
304.000000 1481.369611
305.000000 1481.369611
306.000000 1481.369611
307.000000 1481.369611
308.000000 1481.369611
309.000000 1481.369611
310.000000 1481.369611
311.000000 1473.705708
312.000000 1456.804113
313.000000 1435.402046
314.000000 1411.717338
315.000000 1388.873661
316.000000 1517.120846
317.000000 1517.120846
318.000000 1517.120846
319.000000 1517.120846
320.000000 1517.120846
321.000000 1527.941522
322.000000 1549.672113
323.000000 1571.788220
324.000000 1591.513449
325.000000 1606.815406
326.000000 1613.072168
327.000000 1613.072168
328.000000 1613.072168
329.000000 1612.621612
330.000000 1599.273448
331.000000 1578.970634
332.000000 1558.396897
333.000000 1553.529447
334.000000 1553.529447
335.000000 1553.529447
336.000000 1553.529447
337.000000 1553.580168
338.000000 1570.223463
339.000000 1580.702405
340.000000 1573.691945
341.000000 1573.930893
342.000000 1573.930893
343.000000 1572.392488
344.000000 1565.206283
345.000000 1570.067350
346.000000 955.777958
347.000000 948.613443
348.000000 940.849393
349.000000 943.901247
350.000000 971.630512
351.000000 955.449903
352.000000 937.455990
353.000000 875.899839
354.000000 800.934427
355.000000 703.206622
356.000000 584.679173
357.000000 447.760095
358.000000 371.599949
359.000000 371.599949
