0.000000 37176.252320
1.000000 37176.252320
2.000000 37176.252320
3.000000 40557.167085
4.000000 47880.460300
5.000000 55476.607074
6.000000 62566.980022
7.000000 68942.065987
8.000000 74701.041739
9.000000 78087.992529
10.000000 80500.123043
11.000000 80154.144011
12.000000 77811.366839
13.000000 78219.238553
14.000000 78225.160210
15.000000 78190.373110
16.000000 54642.493796
17.000000 53328.207735
18.000000 54319.292601
19.000000 54437.243172
20.000000 54119.261160
21.000000 53988.984471
22.000000 55874.934135
23.000000 57089.794648
24.000000 53503.146684
25.000000 49009.407229
26.000000 48038.202800
27.000000 48094.040362
28.000000 48104.704567
29.000000 48067.827313
30.000000 47916.179185
31.000000 51578.473260
32.000000 55549.943988
33.000000 56020.755284
34.000000 56442.786264
35.000000 56496.244187
36.000000 56571.624120
37.000000 56065.244384
38.000000 56274.404690
39.000000 58557.798267
40.000000 59681.101153
41.000000 57591.602746
42.000000 54478.175093
43.000000 50040.808888
44.000000 45080.249332
45.000000 40178.886349
46.000000 34835.619694
47.000000 34837.159366
48.000000 34837.159366
49.000000 34837.159366
50.000000 34837.005319
51.000000 36584.719813
52.000000 40898.834829
53.000000 45427.665539
54.000000 49665.284692
55.000000 52725.790515
56.000000 54999.281054
57.000000 54394.220023
58.000000 52338.140785
59.000000 51946.222070
60.000000 52320.448744
61.000000 52394.294669
62.000000 52314.191763
63.000000 51879.813557
64.000000 51678.560025
65.000000 48373.594308
66.000000 44830.169775
67.000000 44835.317108
68.000000 44854.948205
69.000000 44853.863143
70.000000 44829.711760
71.000000 45342.069523
72.000000 49182.606192
73.000000 52778.124559
74.000000 52346.414993
75.000000 50522.416538
76.000000 55823.936952
77.000000 56157.517893
78.000000 56076.867789
79.000000 55286.998857
80.000000 56153.309360
81.000000 58719.308380
82.000000 59220.729733
83.000000 59118.312870
84.000000 58909.874379
85.000000 60463.223105
86.000000 61052.005933
87.000000 58916.222700
88.000000 56032.458943
89.000000 51472.186818
90.000000 46673.679275
91.000000 41607.668022
92.000000 36483.797671
93.000000 31825.806074
94.000000 29569.492866
95.000000 29569.492866
96.000000 29569.492866
97.000000 29569.492866
98.000000 29569.492866
99.000000 31344.032914
100.000000 35878.891271
101.000000 40979.984994
102.000000 46068.723518
103.000000 50866.042914
104.000000 55423.541540
105.000000 58624.990555
106.000000 90010.532573
107.000000 91915.210926
108.000000 91794.623718
109.000000 91821.756315
110.000000 90379.897183
111.000000 88539.584612
112.000000 87805.342672
113.000000 88310.692200
114.000000 88412.577917
115.000000 88370.173571
116.000000 86832.951656
117.000000 87089.483511
118.000000 84473.552135
119.000000 80947.327048
120.000000 81005.428388
121.000000 81027.907187
122.000000 81025.441954
123.000000 80957.202387
124.000000 81877.353050
125.000000 85128.309666
126.000000 87582.662183
127.000000 88703.186305
128.000000 89848.137440
129.000000 89770.116614
130.000000 89740.605526
131.000000 88316.073246
132.000000 86064.133041
133.000000 80966.287911
134.000000 75290.632670
135.000000 68963.070850
136.000000 72890.568358
137.000000 72894.878426
138.000000 72894.885049
139.000000 72894.764061
140.000000 72886.400657
141.000000 76262.969018
142.000000 96471.288799
143.000000 98221.535155
144.000000 99731.051787
145.000000 100317.970204
146.000000 99900.757322
147.000000 99962.483718
148.000000 99980.330276
149.000000 100055.634355
150.000000 99638.726807
151.000000 98861.244243
152.000000 97650.438772
153.000000 97231.922770
154.000000 97296.431322
155.000000 97304.219209
156.000000 97272.960324
157.000000 97190.434213
158.000000 98585.207513
159.000000 99476.694022
160.000000 99138.359359
161.000000 99218.936000
162.000000 99301.079533
163.000000 99268.244372
164.000000 98871.372121
165.000000 99228.260271
166.000000 108468.199022
167.000000 108569.610594
168.000000 108548.534366
169.000000 108646.471008
170.000000 109060.508586
171.000000 108468.862492
172.000000 107542.757635
173.000000 106033.219498
174.000000 104277.172513
175.000000 102158.181507
176.000000 99636.592233
177.000000 96770.817151
178.000000 71149.646113
179.000000 71149.646113
180.000000 71149.646113
181.000000 71149.646113
182.000000 71149.646113
183.000000 96762.044560
184.000000 99629.054181
185.000000 102152.870716
186.000000 104269.295345
187.000000 106045.490326
188.000000 107579.529124
189.000000 108454.709159
190.000000 109069.417310
191.000000 108979.788167
192.000000 108363.329959
193.000000 108472.288531
194.000000 108473.731027
195.000000 108470.693856
196.000000 115151.073357
197.000000 114684.720241
198.000000 115040.332510
199.000000 115081.937013
200.000000 114968.862563
201.000000 114921.998038
202.000000 115579.681953
203.000000 115994.841291
204.000000 114795.181622
205.000000 113138.373824
206.000000 112753.013409
207.000000 112776.018888
208.000000 112780.405675
209.000000 112765.209910
210.000000 112702.548103
211.000000 114110.748381
212.000000 115491.969482
213.000000 115623.272567
214.000000 115739.946378
215.000000 115758.555986
216.000000 115784.743435
217.000000 115608.504083
218.000000 115680.960820
219.000000 116442.434622
220.000000 116795.035667
221.000000 116156.131122
222.000000 115155.347098
223.000000 113611.706674
224.000000 111685.283134
225.000000 109459.640944
226.000000 98413.827452
227.000000 98414.853683
228.000000 98414.853683
229.000000 98414.853683
230.000000 98414.751069
231.000000 99470.896734
232.000000 101702.745493
233.000000 103684.706473
234.000000 105328.539284
235.000000 106419.753944
236.000000 107182.915041
237.000000 106962.137823
238.000000 106219.427810
239.000000 106072.392332
240.000000 106215.882287
241.000000 106243.400495
242.000000 106212.928988
243.000000 106068.803949
244.000000 106028.422221
245.000000 104780.507237
246.000000 103294.763193
247.000000 103299.092938
248.000000 103308.028938
249.000000 103307.535761
250.000000 103296.531491
251.000000 103523.018798
252.000000 105099.972337
253.000000 106427.630932
254.000000 106252.765124
255.000000 105555.596409
256.000000 98348.438555
257.000000 98465.076755
258.000000 98436.977844
259.000000 98159.528014
260.000000 98461.744855
261.000000 99319.495413
262.000000 99467.802606
263.000000 99432.388450
264.000000 99362.101056
265.000000 99870.347744
266.000000 100054.583741
267.000000 99403.955363
268.000000 98497.927410
269.000000 96975.646260
270.000000 95247.287404
271.000000 72276.809347
272.000000 64499.411011
273.000000 56839.393907
274.000000 52932.690728
275.000000 52932.690728
276.000000 52932.690728
277.000000 52932.690728
278.000000 52932.690728
279.000000 56015.749323
280.000000 63541.040733
281.000000 71365.553639
282.000000 95017.540914
283.000000 96765.122045
284.000000 98299.836494
285.000000 99315.509979
286.000000 120911.825512
287.000000 120561.728255
288.000000 120441.306591
289.000000 120468.536487
290.000000 120324.982683
291.000000 119580.952673
292.000000 119224.759322
293.000000 119554.258718
294.000000 119597.832867
295.000000 119521.446547
296.000000 119449.549743
297.000000 119677.842458
298.000000 118826.367337
299.000000 117478.115918
300.000000 117534.513651
301.000000 117556.916769
302.000000 117552.071920
303.000000 117498.150121
304.000000 117863.742110
305.000000 119021.266338
306.000000 119777.371804
307.000000 120181.988156
308.000000 120109.010701
309.000000 120084.177248
310.000000 120028.306796
311.000000 120384.686391
312.000000 119799.372043
313.000000 118305.153499
314.000000 116557.811641
315.000000 114402.021633
316.000000 126683.041894
317.000000 126686.912696
318.000000 126686.943354
319.000000 126686.584902
320.000000 126681.522827
321.000000 127790.835908
322.000000 129812.742003
323.000000 131421.722835
324.000000 132780.005979
325.000000 133295.654479
326.000000 132920.812960
327.000000 132976.710099
328.000000 132992.745512
329.000000 133063.129878
330.000000 132696.541862
331.000000 131996.362699
332.000000 130888.054133
333.000000 130500.122288
334.000000 130560.141985
335.000000 130567.384557
336.000000 130538.325871
337.000000 130461.331399
338.000000 131743.945144
339.000000 132549.382517
340.000000 132238.433077
341.000000 132311.384008
342.000000 132386.029789
343.000000 132356.303398
344.000000 131994.745338
345.000000 132319.504208
346.000000 78180.500612
347.000000 78587.200993
348.000000 78507.647626
349.000000 78880.022814
350.000000 80455.979230
351.000000 78137.016400
352.000000 74558.885886
353.000000 68896.098210
354.000000 62594.076857
355.000000 55493.630281
356.000000 47901.542697
357.000000 40576.763035
358.000000 37176.252320
359.000000 37176.252320
