0.000000 35176.601594
1.000000 35176.601594
2.000000 35176.601594
3.000000 38868.876195
4.000000 46923.259067
5.000000 54988.811907
6.000000 62294.865451
7.000000 68746.738044
8.000000 74057.185201
9.000000 77071.420912
10.000000 79254.051405
11.000000 78976.178950
12.000000 77037.007073
13.000000 77358.520737
14.000000 77368.945839
15.000000 77282.388298
16.000000 54851.951857
17.000000 53623.037630
18.000000 54544.967844
19.000000 54651.665959
20.000000 54362.963636
21.000000 54245.298771
22.000000 55958.374823
23.000000 56964.619685
24.000000 53690.519936
25.000000 49214.890660
26.000000 48160.531927
27.000000 48215.873916
28.000000 48226.062179
29.000000 48190.210978
30.000000 48033.059490
31.000000 51834.558149
32.000000 55562.374854
33.000000 56120.131546
34.000000 56545.511266
35.000000 56592.509888
36.000000 56656.129346
37.000000 56206.190096
38.000000 56395.095925
39.000000 58442.726879
40.000000 59478.828583
41.000000 57466.970052
42.000000 54487.917095
43.000000 50245.931718
44.000000 44877.868452
45.000000 39558.520475
46.000000 33751.056003
47.000000 33752.783010
48.000000 33752.783010
49.000000 33752.783010
50.000000 33752.615990
51.000000 35871.799830
52.000000 40495.373982
53.000000 45617.162537
54.000000 50032.829525
55.000000 52917.205185
56.000000 55074.026296
57.000000 54538.995957
58.000000 52648.482139
59.000000 52271.332232
60.000000 52626.477850
61.000000 52701.214649
62.000000 52627.517774
63.000000 52179.743345
64.000000 52003.112832
65.000000 48723.406483
66.000000 44843.415352
67.000000 44825.506808
68.000000 44842.263797
69.000000 44841.161699
70.000000 44821.077670
71.000000 45422.354268
72.000000 49561.285110
73.000000 53024.326017
74.000000 52653.684424
75.000000 50916.711439
76.000000 56028.814884
77.000000 56309.153030
78.000000 56239.746267
79.000000 55540.276655
80.000000 56328.830815
81.000000 58629.299983
82.000000 59135.600057
83.000000 59052.218286
84.000000 58877.417934
85.000000 60225.012871
86.000000 60761.503223
87.000000 58705.216284
88.000000 55762.941622
89.000000 51591.213211
90.000000 46701.771555
91.000000 40844.331173
92.000000 35414.132330
93.000000 29764.618754
94.000000 27118.670976
95.000000 27118.670976
96.000000 27118.670976
97.000000 27118.670976
98.000000 27118.670976
99.000000 29123.614545
100.000000 34733.834668
101.000000 40139.453398
102.000000 46042.493939
103.000000 51005.723506
104.000000 55224.917967
105.000000 58408.456488
106.000000 87077.054856
107.000000 85895.631549
108.000000 85494.315556
109.000000 85580.602937
110.000000 85037.849657
111.000000 82516.772099
112.000000 81364.163310
113.000000 82388.602586
114.000000 82530.767636
115.000000 82306.052862
116.000000 82050.162339
117.000000 82671.151215
118.000000 79698.069150
119.000000 75145.315005
120.000000 75307.934545
121.000000 75372.260440
122.000000 75359.031413
123.000000 75200.223337
124.000000 76441.155714
125.000000 80399.227267
126.000000 83094.692294
127.000000 84530.636986
128.000000 84288.753509
129.000000 84205.667517
130.000000 84040.165373
131.000000 85183.053573
132.000000 82971.402106
133.000000 77635.509915
134.000000 71345.851948
135.000000 63493.818959
136.000000 66918.381779
137.000000 66926.866865
138.000000 66926.925339
139.000000 66926.227694
140.000000 66914.036319
141.000000 71255.327874
142.000000 79295.543538
143.000000 85815.363427
144.000000 91396.094563
145.000000 93516.271605
146.000000 92090.788574
147.000000 92291.589361
148.000000 92356.243283
149.000000 92612.436893
150.000000 91147.031034
151.000000 88301.091082
152.000000 83886.513591
153.000000 82418.360266
154.000000 82617.513738
155.000000 82640.118037
156.000000 82546.230307
157.000000 82290.730825
158.000000 87257.014633
159.000000 90538.283910
160.000000 89392.495041
161.000000 89669.312754
162.000000 89950.414868
163.000000 89831.667335
164.000000 88454.321793
165.000000 89714.528419
166.000000 101084.738318
167.000000 101444.922674
168.000000 101377.594990
169.000000 101715.550738
170.000000 103091.270802
171.000000 101100.886857
172.000000 97744.402305
173.000000 92094.837663
174.000000 85091.171093
175.000000 76517.389069
176.000000 65971.036421
177.000000 54936.970336
178.000000 49287.020196
179.000000 49287.020196
180.000000 49287.020196
181.000000 49287.020196
182.000000 49287.020196
183.000000 54904.722985
184.000000 65936.057196
185.000000 76494.583628
186.000000 85060.444864
187.000000 92138.166194
188.000000 97871.902572
189.000000 101055.153880
190.000000 103119.869102
191.000000 102828.905064
192.000000 100777.657253
193.000000 101116.216958
194.000000 101128.055650
195.000000 101093.031159
196.000000 106090.284966
197.000000 104484.248685
198.000000 105682.169597
199.000000 105819.797608
200.000000 105448.006227
201.000000 105297.671445
202.000000 107542.493471
203.000000 108893.616347
204.000000 104758.346164
205.000000 98740.284031
206.000000 97284.304157
207.000000 97354.038985
208.000000 97366.545319
209.000000 97322.088837
210.000000 97117.551262
211.000000 102279.478168
212.000000 107196.467465
213.000000 107684.895679
214.000000 108065.094395
215.000000 108125.283553
216.000000 108204.347870
217.000000 107627.010405
218.000000 107872.012315
219.000000 110367.061084
220.000000 111483.919812
221.000000 109408.563720
222.000000 105999.458111
223.000000 100325.503180
224.000000 92797.589789
225.000000 83927.105258
226.000000 69057.522459
227.000000 69059.457038
228.000000 69059.457038
229.000000 69059.457038
230.000000 69059.280143
231.000000 73036.583155
232.000000 81548.149457
233.000000 89149.958816
234.000000 95308.220202
235.000000 99236.843487
236.000000 101836.550413
237.000000 101103.730217
238.000000 98610.957717
239.000000 98113.050636
240.000000 98578.574174
241.000000 98680.748205
242.000000 98585.935364
243.000000 98106.850720
244.000000 97884.099324
245.000000 93427.806230
246.000000 88082.041773
247.000000 88059.701620
248.000000 88082.499308
249.000000 88081.281803
250.000000 88053.390466
251.000000 88891.962889
252.000000 94588.413727
253.000000 99264.537525
254.000000 98728.291783
255.000000 96372.362743
256.000000 89097.505871
257.000000 89462.925283
258.000000 89371.090352
259.000000 88443.113992
260.000000 89507.226239
261.000000 92475.792369
262.000000 93017.169839
263.000000 92901.544491
264.000000 92670.981990
265.000000 94341.741316
266.000000 94939.020238
267.000000 92682.897308
268.000000 89393.039552
269.000000 83670.245922
270.000000 77125.922341
271.000000 69290.089214
272.000000 59953.602904
273.000000 50722.135445
274.000000 45831.479012
275.000000 45831.479012
276.000000 45831.479012
277.000000 45831.479012
278.000000 45831.479012
279.000000 49624.344605
280.000000 58865.091314
281.000000 68206.382666
282.000000 76262.502747
283.000000 82854.588541
284.000000 88670.972992
285.000000 92366.495632
286.000000 115982.282946
287.000000 114939.455462
288.000000 114575.573227
289.000000 114657.479278
290.000000 114174.975916
291.000000 111794.463803
292.000000 110646.448188
293.000000 111671.879000
294.000000 111812.375953
295.000000 111593.226731
296.000000 111356.585574
297.000000 112010.119023
298.000000 109113.333346
299.000000 104365.144442
300.000000 104531.428104
301.000000 104597.434508
302.000000 104583.974659
303.000000 104420.336936
304.000000 105724.606513
305.000000 109810.693785
306.000000 112365.850281
307.000000 113684.567648
308.000000 113458.423248
309.000000 113376.179720
310.000000 113214.661290
311.000000 114304.810640
312.000000 112323.153550
313.000000 107176.306889
314.000000 100518.525485
315.000000 91806.523906
316.000000 103095.372071
317.000000 103105.519529
318.000000 103105.587654
319.000000 103104.770806
320.000000 103089.821848
321.000000 107816.715367
322.000000 115920.966136
323.000000 121961.918694
324.000000 126797.127871
325.000000 128310.157712
326.000000 126963.319733
327.000000 127135.033804
328.000000 127190.691487
329.000000 127424.086971
330.000000 126364.739140
331.000000 123989.960466
332.000000 120038.621918
333.000000 118657.104618
334.000000 118846.633453
335.000000 118867.922411
336.000000 118778.876447
337.000000 118534.254108
338.000000 123074.541205
339.000000 125917.135711
340.000000 124813.992138
341.000000 125024.150242
342.000000 125265.839169
343.000000 125163.283086
344.000000 123976.885642
345.000000 125064.217429
346.000000 77272.005577
347.000000 77667.430875
348.000000 77603.981613
349.000000 77920.971944
350.000000 79203.390115
351.000000 77110.899495
352.000000 73935.362628
353.000000 68705.117495
354.000000 62322.521399
355.000000 55006.340910
356.000000 46948.916103
357.000000 38889.936911
358.000000 35176.601594
359.000000 35176.601594
