0.000000 332.179985
1.000000 332.179985
2.000000 332.179985
3.000000 394.050459
4.000000 518.475111
5.000000 637.634016
6.000000 736.900205
7.000000 820.199361
8.000000 884.320393
9.000000 900.872226
10.000000 915.191159
11.000000 913.199707
12.000000 867.910031
13.000000 879.274977
14.000000 875.320233
15.000000 884.780521
16.000000 600.554909
17.000000 576.141306
18.000000 600.089850
19.000000 601.700083
20.000000 592.003589
21.000000 587.827132
22.000000 623.320920
23.000000 651.385962
24.000000 602.361075
25.000000 515.277151
26.000000 495.584348
27.000000 498.634815
28.000000 499.097364
29.000000 496.418328
30.000000 489.446125
31.000000 569.420599
32.000000 629.569716
33.000000 612.882348
34.000000 612.071862
35.000000 613.354772
36.000000 616.564504
37.000000 601.219498
38.000000 605.987135
39.000000 646.244330
40.000000 656.107463
41.000000 644.563286
42.000000 624.247943
43.000000 564.916858
44.000000 480.932613
45.000000 392.073586
46.000000 310.065534
47.000000 310.187253
48.000000 310.187253
49.000000 310.187253
50.000000 310.187253
51.000000 355.024858
52.000000 437.646062
53.000000 516.020375
54.000000 579.111798
55.000000 602.579592
56.000000 616.835892
57.000000 612.501070
58.000000 571.695222
59.000000 562.425872
60.000000 574.280640
61.000000 573.762345
62.000000 569.999668
63.000000 570.902927
64.000000 593.882894
65.000000 537.131754
66.000000 454.366584
67.000000 457.129081
68.000000 457.329795
69.000000 457.329795
70.000000 457.120736
71.000000 469.041428
72.000000 555.479550
73.000000 615.339332
74.000000 593.092810
75.000000 546.080561
76.000000 604.580724
77.000000 616.333278
78.000000 615.325904
79.000000 597.294860
80.000000 619.019415
81.000000 667.132898
82.000000 660.501155
83.000000 655.120526
84.000000 645.114609
85.000000 674.682115
86.000000 686.649190
87.000000 679.068639
88.000000 669.080139
89.000000 614.896547
90.000000 548.328698
91.000000 460.372616
92.000000 379.381141
93.000000 288.308221
94.000000 248.010828
95.000000 248.010828
96.000000 248.010828
97.000000 248.010828
98.000000 248.010828
99.000000 280.564836
100.000000 371.693962
101.000000 452.931801
102.000000 540.842985
103.000000 607.555234
104.000000 661.600041
105.000000 679.299132
106.000000 1015.282820
107.000000 977.776584
108.000000 973.821736
109.000000 981.080364
110.000000 987.355760
111.000000 945.072758
112.000000 925.836428
113.000000 954.639511
114.000000 960.915133
115.000000 960.915133
116.000000 959.911367
117.000000 989.351199
118.000000 945.378472
119.000000 879.494391
120.000000 879.385264
121.000000 879.385264
122.000000 879.385264
123.000000 879.385264
124.000000 899.043659
125.000000 982.032944
126.000000 1073.901654
127.000000 1135.271902
128.000000 1137.226382
129.000000 1137.226382
130.000000 1137.226382
131.000000 1109.928003
132.000000 1040.595652
133.000000 954.841392
134.000000 867.021564
135.000000 782.180406
136.000000 840.590895
137.000000 840.590895
138.000000 840.590895
139.000000 840.590895
140.000000 840.590895
141.000000 874.225479
142.000000 956.074959
143.000000 1049.677487
144.000000 1138.126771
145.000000 1209.463125
146.000000 1243.579853
147.000000 1243.579853
148.000000 1243.579853
149.000000 1243.579853
150.000000 1243.579853
151.000000 1243.579853
152.000000 1243.579853
153.000000 1243.579853
154.000000 1243.579853
155.000000 1243.579853
156.000000 1243.579853
157.000000 1243.579853
158.000000 1243.579853
159.000000 1243.579853
160.000000 1243.579853
161.000000 1243.579853
162.000000 1243.579853
163.000000 1243.579853
164.000000 1243.579853
165.000000 1243.579853
166.000000 1347.219697
167.000000 1347.219697
168.000000 1347.219697
169.000000 1347.219697
170.000000 1337.246537
171.000000 1294.286402
172.000000 1231.495950
173.000000 1157.064802
174.000000 1074.709457
175.000000 987.768844
176.000000 907.773573
177.000000 835.786272
178.000000 803.292883
179.000000 803.292883
180.000000 803.292883
181.000000 803.292883
182.000000 803.292883
183.000000 835.786272
184.000000 907.773573
185.000000 987.768844
186.000000 1074.709457
187.000000 1157.064802
188.000000 1231.495950
189.000000 1294.286401
190.000000 1337.246537
191.000000 1347.219697
192.000000 1347.219697
193.000000 1347.219697
194.000000 1347.219697
195.000000 1347.219697
196.000000 1440.740395
197.000000 1440.740395
198.000000 1440.740395
199.000000 1440.740395
200.000000 1440.740395
201.000000 1440.740395
202.000000 1440.740395
203.000000 1440.740395
204.000000 1440.740395
205.000000 1440.740395
206.000000 1440.740395
207.000000 1440.740395
208.000000 1440.740395
209.000000 1440.740395
210.000000 1440.740395
211.000000 1440.740395
212.000000 1440.740395
213.000000 1440.740395
214.000000 1440.740395
215.000000 1440.740395
216.000000 1440.740395
217.000000 1440.740395
218.000000 1440.740395
219.000000 1440.740395
220.000000 1432.102203
221.000000 1382.398868
222.000000 1312.257499
223.000000 1227.029576
224.000000 1135.765018
225.000000 1049.691232
226.000000 880.967058
227.000000 880.967058
228.000000 880.967058
229.000000 880.967058
230.000000 880.967058
231.000000 915.836961
232.000000 996.969955
233.000000 1090.685449
234.000000 1179.469946
235.000000 1256.055128
236.000000 1310.438009
237.000000 1321.033902
238.000000 1321.033902
239.000000 1321.033902
240.000000 1321.033902
241.000000 1321.033902
242.000000 1321.033902
243.000000 1321.033902
244.000000 1321.033902
245.000000 1321.033902
246.000000 1321.033902
247.000000 1321.033902
248.000000 1321.033902
249.000000 1321.033902
250.000000 1321.033902
251.000000 1321.033902
252.000000 1321.033902
253.000000 1321.033902
254.000000 1321.033902
255.000000 1321.033902
256.000000 1231.762800
257.000000 1231.762800
258.000000 1231.762800
259.000000 1231.762800
260.000000 1231.762800
261.000000 1231.762800
262.000000 1231.762800
263.000000 1231.762800
264.000000 1231.762800
265.000000 1231.762800
266.000000 1222.253090
267.000000 1177.030059
268.000000 1113.439416
269.000000 1037.794050
270.000000 956.200619
271.000000 875.888617
272.000000 795.058782
273.000000 721.041737
274.000000 686.387300
275.000000 686.387300
276.000000 686.387300
277.000000 686.387300
278.000000 686.387300
279.000000 716.429091
280.000000 789.412619
281.000000 870.073595
282.000000 950.568222
283.000000 1032.033745
284.000000 1108.381682
285.000000 1172.992290
286.000000 1482.431953
287.000000 1493.111985
288.000000 1493.111985
289.000000 1493.111985
290.000000 1493.111985
291.000000 1493.111985
292.000000 1493.111985
293.000000 1493.111985
294.000000 1493.111985
295.000000 1493.111985
296.000000 1493.111985
297.000000 1493.111985
298.000000 1493.111985
299.000000 1493.111985
300.000000 1493.111985
301.000000 1493.111985
302.000000 1493.111985
303.000000 1493.111985
304.000000 1493.111985
305.000000 1493.111985
306.000000 1493.111985
307.000000 1493.111985
308.000000 1493.111985
309.000000 1493.111985
310.000000 1493.111985
311.000000 1463.957876
312.000000 1400.318349
313.000000 1320.962875
314.000000 1231.389157
315.000000 1145.177503
316.000000 1319.406098
317.000000 1319.406098
318.000000 1319.406098
319.000000 1319.406098
320.000000 1319.406098
321.000000 1357.910914
322.000000 1436.479978
323.000000 1518.264086
324.000000 1592.886376
325.000000 1637.301244
326.000000 1655.121726
327.000000 1655.121726
328.000000 1655.121726
329.000000 1653.833912
330.000000 1615.997686
331.000000 1545.245498
332.000000 1468.515916
333.000000 1450.607685
334.000000 1450.607685
335.000000 1450.607685
336.000000 1450.607685
337.000000 1450.793828
338.000000 1512.414049
339.000000 1551.783208
340.000000 1525.394870
341.000000 1526.290946
342.000000 1526.290946
343.000000 1520.525886
344.000000 1493.723363
345.000000 1511.830948
346.000000 907.074133
347.000000 900.857484
348.000000 894.127461
349.000000 896.772043
350.000000 920.210767
351.000000 902.790096
352.000000 881.897701
353.000000 818.285731
354.000000 737.362683
355.000000 637.402587
356.000000 518.417423
357.000000 394.050459
358.000000 332.179985
359.000000 332.179985
