0.000000 387.891779
1.000000 387.891779
2.000000 387.891779
3.000000 438.384579
4.000000 549.059937
5.000000 646.538206
6.000000 736.151199
7.000000 815.867257
8.000000 878.551594
9.000000 893.503763
10.000000 907.267460
11.000000 905.126597
12.000000 859.141145
13.000000 871.460318
14.000000 867.189518
15.000000 878.317579
16.000000 605.509806
17.000000 582.712794
18.000000 604.568910
19.000000 605.969537
20.000000 597.442727
21.000000 593.565160
22.000000 626.130353
23.000000 652.352122
24.000000 607.959871
25.000000 531.121375
26.000000 514.135791
27.000000 517.377002
28.000000 517.882421
29.000000 514.972709
30.000000 508.638583
31.000000 578.695763
32.000000 632.564959
33.000000 616.588933
34.000000 615.973343
35.000000 617.061603
36.000000 619.898056
37.000000 605.952027
38.000000 610.463913
39.000000 647.607614
40.000000 656.117121
41.000000 645.591977
42.000000 627.921983
43.000000 575.034240
44.000000 502.300698
45.000000 421.653127
46.000000 349.022859
47.000000 349.159497
48.000000 349.159497
49.000000 349.159497
50.000000 349.159497
51.000000 387.525791
52.000000 456.409555
53.000000 529.204806
54.000000 585.070914
55.000000 604.852897
56.000000 617.179788
57.000000 612.992785
58.000000 575.435964
59.000000 567.065838
60.000000 579.266772
61.000000 578.732067
62.000000 574.853943
63.000000 575.763923
64.000000 597.517161
65.000000 546.561332
66.000000 472.650981
67.000000 477.078248
68.000000 477.294661
69.000000 477.294661
70.000000 477.069251
71.000000 486.340572
72.000000 562.609459
73.000000 617.048591
74.000000 596.256232
75.000000 552.607532
76.000000 608.056872
77.000000 620.331492
78.000000 619.277030
79.000000 600.474193
80.000000 619.949171
81.000000 666.158497
82.000000 659.230925
83.000000 653.793059
84.000000 643.680706
85.000000 673.562732
86.000000 685.761512
87.000000 678.748165
88.000000 669.545670
89.000000 619.831749
90.000000 561.881878
91.000000 486.245715
92.000000 412.370402
93.000000 335.269799
94.000000 288.059437
95.000000 288.059437
96.000000 288.059437
97.000000 288.059437
98.000000 288.059437
99.000000 328.456490
100.000000 405.904390
101.000000 478.699661
102.000000 555.209652
103.000000 612.937398
104.000000 662.520781
105.000000 679.068703
106.000000 1005.515972
107.000000 965.953399
108.000000 961.674798
109.000000 969.213242
110.000000 975.361872
111.000000 930.572375
112.000000 909.761322
113.000000 940.922281
114.000000 947.711637
115.000000 947.711637
116.000000 946.625700
117.000000 977.317002
118.000000 930.903115
119.000000 859.625639
120.000000 859.507578
121.000000 859.507578
122.000000 859.507578
123.000000 859.507578
124.000000 880.775246
125.000000 970.146580
126.000000 1068.717772
127.000000 1135.111905
128.000000 1137.226382
129.000000 1137.226382
130.000000 1137.226382
131.000000 1107.693306
132.000000 1032.685278
133.000000 941.140688
134.000000 846.131762
135.000000 754.345347
136.000000 800.074667
137.000000 800.074667
138.000000 800.074667
139.000000 800.074667
140.000000 800.074667
141.000000 837.315028
142.000000 927.939134
143.000000 1028.890293
144.000000 1126.821733
145.000000 1205.805660
146.000000 1243.579853
147.000000 1243.579853
148.000000 1243.579853
149.000000 1243.579853
150.000000 1243.579853
151.000000 1243.579853
152.000000 1243.579853
153.000000 1243.579853
154.000000 1243.579853
155.000000 1243.579853
156.000000 1243.579853
157.000000 1243.579853
158.000000 1243.579853
159.000000 1243.579853
160.000000 1243.579853
161.000000 1243.579853
162.000000 1243.579853
163.000000 1243.579853
164.000000 1243.579853
165.000000 1243.579853
166.000000 1347.219697
167.000000 1347.219697
168.000000 1347.219697
169.000000 1347.219697
170.000000 1336.080828
171.000000 1287.782131
172.000000 1217.652439
173.000000 1134.521434
174.000000 1042.540013
175.000000 948.509323
176.000000 860.193141
177.000000 779.791631
178.000000 743.500263
179.000000 743.500263
180.000000 743.500263
181.000000 743.500263
182.000000 743.500263
183.000000 779.791631
184.000000 860.193141
185.000000 948.509323
186.000000 1042.540013
187.000000 1134.521434
188.000000 1217.652439
189.000000 1287.782131
190.000000 1336.080828
191.000000 1347.219697
192.000000 1347.219697
193.000000 1347.219697
194.000000 1347.219697
195.000000 1347.219697
196.000000 1440.740395
197.000000 1440.740395
198.000000 1440.740395
199.000000 1440.740395
200.000000 1440.740395
201.000000 1440.740395
202.000000 1440.740395
203.000000 1440.740395
204.000000 1440.740395
205.000000 1440.740395
206.000000 1440.740395
207.000000 1440.740395
208.000000 1440.740395
209.000000 1440.740395
210.000000 1440.740395
211.000000 1440.740395
212.000000 1440.740395
213.000000 1440.740395
214.000000 1440.740395
215.000000 1440.740395
216.000000 1440.740395
217.000000 1440.740395
218.000000 1440.740395
219.000000 1440.740395
220.000000 1431.143895
221.000000 1375.926546
222.000000 1298.003797
223.000000 1202.470097
224.000000 1101.080783
225.000000 1005.458099
226.000000 832.350765
227.000000 832.350765
228.000000 832.350765
229.000000 832.350765
230.000000 832.350765
231.000000 871.366473
232.000000 960.143258
233.000000 1063.140834
234.000000 1162.481228
235.000000 1248.171888
236.000000 1309.178227
237.000000 1321.033902
238.000000 1321.033902
239.000000 1321.033902
240.000000 1321.033902
241.000000 1321.033902
242.000000 1321.033902
243.000000 1321.033902
244.000000 1321.033902
245.000000 1321.033902
246.000000 1321.033902
247.000000 1321.033902
248.000000 1321.033902
249.000000 1321.033902
250.000000 1321.033902
251.000000 1321.033902
252.000000 1321.033902
253.000000 1321.033902
254.000000 1321.033902
255.000000 1321.033902
256.000000 1231.762800
257.000000 1231.762800
258.000000 1231.762800
259.000000 1231.762800
260.000000 1231.762800
261.000000 1231.762800
262.000000 1231.762800
263.000000 1231.762800
264.000000 1231.762800
265.000000 1231.762800
266.000000 1221.262014
267.000000 1171.325965
268.000000 1101.108080
269.000000 1017.579163
270.000000 929.977240
271.000000 841.295343
272.000000 752.041645
273.000000 674.070849
274.000000 642.350743
275.000000 642.350743
276.000000 642.350743
277.000000 642.350743
278.000000 642.350743
279.000000 669.950177
280.000000 745.807055
281.000000 834.874295
282.000000 923.757849
283.000000 1011.218535
284.000000 1095.523243
285.000000 1166.867390
286.000000 1481.274972
287.000000 1493.111985
288.000000 1493.111985
289.000000 1493.111985
290.000000 1493.111985
291.000000 1493.111985
292.000000 1493.111985
293.000000 1493.111985
294.000000 1493.111985
295.000000 1493.111985
296.000000 1493.111985
297.000000 1493.111985
298.000000 1493.111985
299.000000 1493.111985
300.000000 1493.111985
301.000000 1493.111985
302.000000 1493.111985
303.000000 1493.111985
304.000000 1493.111985
305.000000 1493.111985
306.000000 1493.111985
307.000000 1493.111985
308.000000 1493.111985
309.000000 1493.111985
310.000000 1493.111985
311.000000 1460.799576
312.000000 1390.265901
313.000000 1302.313750
314.000000 1201.905097
315.000000 1106.354029
316.000000 1279.963665
317.000000 1279.963665
318.000000 1279.963665
319.000000 1279.963665
320.000000 1279.963665
321.000000 1323.442367
322.000000 1410.514250
323.000000 1501.149110
324.000000 1583.847095
325.000000 1635.372695
326.000000 1655.121726
327.000000 1655.121726
328.000000 1655.121726
329.000000 1653.694544
330.000000 1611.763646
331.000000 1531.050476
332.000000 1446.017146
333.000000 1426.170870
334.000000 1426.170870
335.000000 1426.170870
336.000000 1426.170870
337.000000 1426.377157
338.000000 1494.665977
339.000000 1538.295703
340.000000 1509.051594
341.000000 1510.044645
342.000000 1510.044645
343.000000 1503.655685
344.000000 1473.952568
345.000000 1494.019772
346.000000 898.357120
347.000000 891.743901
348.000000 884.584557
349.000000 887.397842
350.000000 912.597396
351.000000 895.526266
352.000000 876.129816
353.000000 814.040835
354.000000 736.656916
355.000000 646.357650
356.000000 548.989980
357.000000 438.384579
358.000000 387.891779
359.000000 387.891779
