0.000000 37274.952767
1.000000 37274.952767
2.000000 37274.952767
3.000000 40941.614265
4.000000 49014.129727
5.000000 57208.943212
6.000000 64521.058677
7.000000 70778.381124
8.000000 76168.972767
9.000000 79261.057691
10.000000 81393.417582
11.000000 81098.808871
12.000000 79065.700871
13.000000 79406.100212
14.000000 79415.786690
15.000000 79364.616461
16.000000 55181.094317
17.000000 53901.996697
18.000000 54856.030700
19.000000 54968.247962
20.000000 54666.674662
21.000000 54544.514024
22.000000 56371.030364
23.000000 57527.681883
24.000000 54028.237998
25.000000 49549.502378
26.000000 48560.029426
27.000000 48610.954410
28.000000 48620.388824
29.000000 48587.326105
30.000000 48443.952845
31.000000 52114.917567
32.000000 56034.655047
33.000000 56512.167567
34.000000 56910.113460
35.000000 56960.348410
36.000000 57028.653802
37.000000 56549.481737
38.000000 56750.777269
39.000000 58928.345172
40.000000 59984.620437
41.000000 58004.644892
42.000000 54969.547830
43.000000 50533.540506
44.000000 45431.937073
45.000000 40304.962883
46.000000 34661.778372
47.000000 34663.037601
48.000000 34663.037601
49.000000 34663.037601
50.000000 34662.916276
51.000000 36476.151929
52.000000 40991.115012
53.000000 45692.261968
54.000000 49987.614631
55.000000 53023.814325
56.000000 55217.237674
57.000000 54643.696177
58.000000 52665.843966
59.000000 52285.718943
60.000000 52641.419746
61.000000 52716.587725
62.000000 52642.007609
63.000000 52224.713158
64.000000 52006.559327
65.000000 48724.426994
66.000000 45172.023998
67.000000 45166.296896
68.000000 45183.628266
69.000000 45182.684863
70.000000 45161.412395
71.000000 45689.300359
72.000000 49536.593557
73.000000 53077.952386
74.000000 52679.266995
75.000000 50912.999920
76.000000 56412.298739
77.000000 56713.536635
78.000000 56639.123117
79.000000 55897.497766
80.000000 56733.775100
81.000000 59174.193581
82.000000 59656.406777
83.000000 59561.846088
84.000000 59368.827782
85.000000 60802.122291
86.000000 61339.495740
87.000000 59330.652875
88.000000 56537.179169
89.000000 52018.688137
90.000000 47099.104426
91.000000 41760.059118
92.000000 36280.900592
93.000000 31350.145025
94.000000 29029.640747
95.000000 29029.640747
96.000000 29029.640747
97.000000 29029.640747
98.000000 29029.640747
99.000000 30849.860843
100.000000 35633.697874
101.000000 41091.203258
102.000000 46468.480241
103.000000 51407.647472
104.000000 55944.250288
105.000000 59051.504413
106.000000 89560.481863
107.000000 88389.320836
108.000000 87985.507571
109.000000 88076.122673
110.000000 87550.088825
111.000000 84965.274967
112.000000 83749.039373
113.000000 84846.355034
114.000000 84997.512405
115.000000 84752.793881
116.000000 84496.289194
117.000000 85218.270566
118.000000 82161.541864
119.000000 77453.869132
120.000000 77624.996435
121.000000 77692.886992
122.000000 77678.748505
123.000000 77512.387382
124.000000 78780.860955
125.000000 82887.793491
126.000000 85611.953257
127.000000 87039.883417
128.000000 86785.319936
129.000000 86697.175957
130.000000 86516.680457
131.000000 87706.385900
132.000000 85563.235158
133.000000 80158.027463
134.000000 73778.582174
135.000000 66116.558109
136.000000 69966.902684
137.000000 69977.467309
138.000000 69977.542611
139.000000 69976.649036
140.000000 69961.814993
141.000000 74209.759631
142.000000 82263.702192
143.000000 88772.530909
144.000000 94173.605158
145.000000 96227.103588
146.000000 94808.903925
147.000000 95009.850955
148.000000 95072.902891
149.000000 95327.158311
150.000000 93900.454956
151.000000 91140.633179
152.000000 86778.119760
153.000000 85273.148577
154.000000 85487.199075
155.000000 85511.898055
156.000000 85410.211984
157.000000 85135.344865
158.000000 90135.805778
159.000000 93316.064417
160.000000 92175.949724
161.000000 92446.537159
162.000000 92724.206164
163.000000 92608.393524
164.000000 91253.476053
165.000000 92487.404348
166.000000 103911.140036
167.000000 104262.290722
168.000000 104195.090735
169.000000 104525.349549
170.000000 105877.557046
171.000000 103910.140326
172.000000 100697.702623
173.000000 95264.622611
174.000000 88603.298687
175.000000 80202.810109
176.000000 69968.392649
177.000000 58724.034621
178.000000 53094.133218
179.000000 53094.133218
180.000000 53094.133218
181.000000 53094.133218
182.000000 53094.133218
183.000000 58690.300562
184.000000 69936.131386
185.000000 80180.371695
186.000000 88573.938669
187.000000 95307.227685
188.000000 100822.312147
189.000000 103864.673847
190.000000 105907.073274
191.000000 105617.596441
192.000000 103597.362173
193.000000 103938.630161
194.000000 103948.567589
195.000000 103918.638739
196.000000 108953.747273
197.000000 107382.190941
198.000000 108561.566683
199.000000 108697.153710
200.000000 108329.494520
201.000000 108179.659781
202.000000 110378.108843
203.000000 111730.416805
204.000000 107683.815199
205.000000 101844.503987
206.000000 100434.490435
207.000000 100506.124861
208.000000 100519.171690
209.000000 100473.082335
210.000000 100266.800116
211.000000 105290.068857
212.000000 110055.611957
213.000000 110520.859890
214.000000 110883.627765
215.000000 110943.005680
216.000000 111022.503045
217.000000 110454.241202
218.000000 110693.572919
219.000000 113166.553645
220.000000 114278.730369
221.000000 112252.031994
222.000000 108898.102001
223.000000 103448.775974
224.000000 96238.392902
225.000000 87560.158892
226.000000 72393.221429
227.000000 72395.705759
228.000000 72395.705759
229.000000 72395.705759
230.000000 72395.473446
231.000000 76322.724138
232.000000 84828.948165
233.000000 92297.454259
234.000000 98243.770823
235.000000 102040.999632
236.000000 104571.270192
237.000000 103856.756133
238.000000 101397.976684
239.000000 100905.120310
240.000000 101371.220917
241.000000 101470.193109
242.000000 101374.314614
243.000000 100899.351456
244.000000 100719.585316
245.000000 96368.586360
246.000000 91117.888832
247.000000 91107.393293
248.000000 91133.381462
249.000000 91131.981368
250.000000 91100.134164
251.000000 91930.913634
252.000000 97499.730849
253.000000 102069.997918
254.000000 101520.264457
255.000000 99188.441395
256.000000 91827.631237
257.000000 92196.049473
258.000000 92104.435059
259.000000 91182.538634
260.000000 92226.530748
261.000000 95148.921288
262.000000 95668.948999
263.000000 95553.117892
264.000000 95322.841098
265.000000 96988.646689
266.000000 97586.032644
267.000000 95387.482249
268.000000 92197.431392
269.000000 86683.451122
270.000000 80167.777744
271.000000 72344.418198
272.000000 63230.269801
273.000000 53738.272829
274.000000 48788.452487
275.000000 48788.452487
276.000000 48788.452487
277.000000 48788.452487
278.000000 48788.452487
279.000000 52690.540759
280.000000 62056.529056
281.000000 71295.267530
282.000000 79286.896912
283.000000 85905.091202
284.000000 91496.027374
285.000000 95080.571468
286.000000 118695.024272
287.000000 117636.938462
288.000000 117270.430626
289.000000 117353.771206
290.000000 116902.885694
291.000000 114522.031124
292.000000 113370.208854
293.000000 114408.270222
294.000000 114550.501287
295.000000 114321.893485
296.000000 114096.181828
297.000000 114804.659577
298.000000 111935.574068
299.000000 107301.620630
300.000000 107472.784500
301.000000 107540.544324
302.000000 107526.523294
303.000000 107359.601429
304.000000 108631.236642
305.000000 112617.516247
306.000000 115136.165333
307.000000 116412.285626
308.000000 116180.567465
309.000000 116098.300986
310.000000 115930.864244
311.000000 117067.035887
312.000000 115167.699883
313.000000 110103.286092
314.000000 103733.835311
315.000000 95425.927822
316.000000 106534.468969
317.000000 106545.503289
318.000000 106545.580210
319.000000 106544.663128
320.000000 106528.857821
321.000000 111026.943673
322.000000 118815.285799
323.000000 124515.049863
324.000000 128899.102605
325.000000 130464.104335
326.000000 129313.550994
327.000000 129476.210515
328.000000 129527.074146
329.000000 129740.130668
330.000000 128652.032904
331.000000 126427.609878
332.000000 122709.998525
333.000000 121372.716219
334.000000 121564.139038
335.000000 121585.982144
336.000000 121495.579606
337.000000 121248.682749
338.000000 125588.199049
339.000000 128193.038165
340.000000 127231.059324
341.000000 127445.461221
342.000000 127674.200238
343.000000 127579.410431
344.000000 126454.644609
345.000000 127478.517975
346.000000 79356.399173
347.000000 79729.274698
348.000000 79661.884776
349.000000 79992.863891
350.000000 81353.351530
351.000000 79302.595360
352.000000 76042.252607
353.000000 70736.412950
354.000000 64547.356595
355.000000 57227.537980
356.000000 49038.252735
357.000000 40963.303389
358.000000 37274.952767
359.000000 37274.952767
