0.000000 361.340618
1.000000 361.340618
2.000000 361.340618
3.000000 422.009090
4.000000 547.389489
5.000000 666.522266
6.000000 766.199999
7.000000 845.766600
8.000000 909.695621
9.000000 925.770884
10.000000 940.018951
11.000000 937.892215
12.000000 891.300092
13.000000 903.380325
14.000000 899.180606
15.000000 909.743786
16.000000 603.894236
17.000000 579.176232
18.000000 603.279246
19.000000 604.901472
20.000000 595.146966
21.000000 590.920826
22.000000 627.407793
23.000000 657.317722
24.000000 606.033559
25.000000 521.873682
26.000000 504.138523
27.000000 506.960290
28.000000 507.391825
29.000000 504.900076
30.000000 498.684123
31.000000 573.151302
32.000000 634.196812
33.000000 616.562787
34.000000 615.731836
35.000000 617.028424
36.000000 620.317739
37.000000 604.532943
38.000000 609.462516
39.000000 651.805886
40.000000 662.123673
41.000000 649.862525
42.000000 628.735087
43.000000 568.860407
44.000000 491.401759
45.000000 403.331990
46.000000 327.962104
47.000000 328.050699
48.000000 328.050699
49.000000 328.050699
50.000000 328.050699
51.000000 365.336979
52.000000 445.538651
53.000000 517.871144
54.000000 577.720464
55.000000 600.943479
56.000000 615.258584
57.000000 610.721035
58.000000 569.718349
59.000000 560.704029
60.000000 572.598358
61.000000 572.074137
62.000000 568.279955
63.000000 569.184339
64.000000 592.222563
65.000000 537.132395
66.000000 463.332372
67.000000 466.455509
68.000000 466.627303
69.000000 466.627303
70.000000 466.448368
71.000000 476.337015
72.000000 554.439003
73.000000 614.072722
74.000000 591.283408
75.000000 545.117789
76.000000 608.474743
77.000000 621.081240
78.000000 619.993096
79.000000 600.756262
80.000000 622.936356
81.000000 674.605097
82.000000 667.043182
83.000000 661.056478
84.000000 650.009170
85.000000 682.972191
86.000000 696.645075
87.000000 688.415177
88.000000 677.633066
89.000000 619.902446
90.000000 553.952901
91.000000 474.594959
92.000000 391.603397
93.000000 313.493037
94.000000 276.279875
95.000000 276.279875
96.000000 276.279875
97.000000 276.279875
98.000000 276.279875
99.000000 307.744132
100.000000 384.403523
101.000000 467.240391
102.000000 546.813294
103.000000 612.262475
104.000000 669.452848
105.000000 688.732578
106.000000 1047.263541
107.000000 1010.137758
108.000000 1005.842113
109.000000 1013.412140
110.000000 1019.591638
111.000000 974.696112
112.000000 953.950326
113.000000 985.043463
114.000000 991.840800
115.000000 991.840800
116.000000 990.753098
117.000000 1021.557482
118.000000 975.026481
119.000000 904.375800
120.000000 904.259842
121.000000 904.259842
122.000000 904.259842
123.000000 904.259842
124.000000 925.211252
125.000000 1014.349878
126.000000 1105.089814
127.000000 1165.696405
128.000000 1167.621955
129.000000 1167.621955
130.000000 1167.621955
131.000000 1140.696139
132.000000 1072.151514
133.000000 985.262011
134.000000 891.149002
135.000000 802.865658
136.000000 863.522576
137.000000 863.522576
138.000000 863.522576
139.000000 863.522576
140.000000 863.522576
141.000000 899.391645
142.000000 988.204498
143.000000 1083.805256
144.000000 1172.138280
145.000000 1242.784390
146.000000 1276.221754
147.000000 1276.221754
148.000000 1276.221754
149.000000 1276.221754
150.000000 1276.221754
151.000000 1276.221754
152.000000 1276.221754
153.000000 1276.221754
154.000000 1276.221754
155.000000 1276.221754
156.000000 1276.221754
157.000000 1276.221754
158.000000 1276.221754
159.000000 1276.221754
160.000000 1276.221754
161.000000 1276.221754
162.000000 1276.221754
163.000000 1276.221754
164.000000 1276.221754
165.000000 1276.221754
166.000000 1381.737619
167.000000 1381.737619
168.000000 1381.737619
169.000000 1381.737619
170.000000 1371.727452
171.000000 1328.224946
172.000000 1266.622020
173.000000 1192.356561
174.000000 1109.277088
175.000000 1021.417846
176.000000 934.016291
177.000000 856.037763
178.000000 821.551266
179.000000 821.551266
180.000000 821.551266
181.000000 821.551266
182.000000 821.551266
183.000000 856.037763
184.000000 934.016291
185.000000 1021.417846
186.000000 1109.277088
187.000000 1192.356561
188.000000 1266.622020
189.000000 1328.224946
190.000000 1371.727452
191.000000 1381.737619
192.000000 1381.737619
193.000000 1381.737619
194.000000 1381.737619
195.000000 1381.737619
196.000000 1475.262466
197.000000 1475.262466
198.000000 1475.262466
199.000000 1475.262466
200.000000 1475.262466
201.000000 1475.262466
202.000000 1475.262466
203.000000 1475.262466
204.000000 1475.262466
205.000000 1475.262466
206.000000 1475.262466
207.000000 1475.262466
208.000000 1475.262466
209.000000 1475.262466
210.000000 1475.262466
211.000000 1475.262466
212.000000 1475.262466
213.000000 1475.262466
214.000000 1475.262466
215.000000 1475.262466
216.000000 1475.262466
217.000000 1475.262466
218.000000 1475.262466
219.000000 1475.262466
220.000000 1466.918135
221.000000 1418.103396
222.000000 1347.134456
223.000000 1261.945213
224.000000 1169.654444
225.000000 1081.722290
226.000000 905.497492
227.000000 905.497492
228.000000 905.497492
229.000000 905.497492
230.000000 905.497492
231.000000 943.492836
232.000000 1031.068020
233.000000 1125.519113
234.000000 1214.640162
235.000000 1290.444305
236.000000 1344.049732
237.000000 1354.772233
238.000000 1354.772233
239.000000 1354.772233
240.000000 1354.772233
241.000000 1354.772233
242.000000 1354.772233
243.000000 1354.772233
244.000000 1354.772233
245.000000 1354.772233
246.000000 1354.772233
247.000000 1354.772233
248.000000 1354.772233
249.000000 1354.772233
250.000000 1354.772233
251.000000 1354.772233
252.000000 1354.772233
253.000000 1354.772233
254.000000 1354.772233
255.000000 1354.772233
256.000000 1264.275718
257.000000 1264.275718
258.000000 1264.275718
259.000000 1264.275718
260.000000 1264.275718
261.000000 1264.275718
262.000000 1264.275718
263.000000 1264.275718
264.000000 1264.275718
265.000000 1264.275718
266.000000 1254.966691
267.000000 1210.436683
268.000000 1147.275086
269.000000 1071.762990
270.000000 988.286888
271.000000 901.230233
272.000000 815.897315
273.000000 740.646676
274.000000 705.760069
275.000000 705.760069
276.000000 705.760069
277.000000 705.760069
278.000000 705.760069
279.000000 736.066838
280.000000 810.049046
281.000000 895.002281
282.000000 982.129439
283.000000 1066.012308
284.000000 1142.233235
285.000000 1206.442405
286.000000 1515.393430
287.000000 1525.435747
288.000000 1525.435747
289.000000 1525.435747
290.000000 1525.435747
291.000000 1525.435747
292.000000 1525.435747
293.000000 1525.435747
294.000000 1525.435747
295.000000 1525.435747
296.000000 1525.435747
297.000000 1525.435747
298.000000 1525.435747
299.000000 1525.435747
300.000000 1525.435747
301.000000 1525.435747
302.000000 1525.435747
303.000000 1525.435747
304.000000 1525.435747
305.000000 1525.435747
306.000000 1525.435747
307.000000 1525.435747
308.000000 1525.435747
309.000000 1525.435747
310.000000 1525.435747
311.000000 1497.850671
312.000000 1435.852373
313.000000 1355.546496
314.000000 1265.208052
315.000000 1177.562653
316.000000 1346.511095
317.000000 1346.511095
318.000000 1346.511095
319.000000 1346.511095
320.000000 1346.511095
321.000000 1386.889420
322.000000 1466.941480
323.000000 1546.302004
324.000000 1614.593336
325.000000 1665.546535
326.000000 1685.797265
327.000000 1685.797265
328.000000 1685.797265
329.000000 1684.351031
330.000000 1640.675364
331.000000 1571.475309
332.000000 1498.550297
333.000000 1480.959997
334.000000 1480.959997
335.000000 1480.959997
336.000000 1480.959997
337.000000 1481.143877
338.000000 1540.775018
339.000000 1577.494553
340.000000 1553.006126
341.000000 1553.846012
342.000000 1553.846012
343.000000 1548.432402
344.000000 1522.956409
345.000000 1540.222793
346.000000 931.209066
347.000000 924.616200
348.000000 917.491815
349.000000 920.289725
350.000000 945.355000
351.000000 927.792204
352.000000 907.229285
353.000000 843.907192
354.000000 766.667020
355.000000 666.281947
356.000000 547.329043
357.000000 422.009090
358.000000 361.340618
359.000000 361.340618
