0.000000 53500.109559
1.000000 53500.109559
2.000000 53500.109559
3.000000 56481.121011
4.000000 62025.267704
5.000000 66885.158764
6.000000 70872.505638
7.000000 74129.781698
8.000000 76865.225616
9.000000 78413.294901
10.000000 79476.420934
11.000000 79328.434923
12.000000 78304.073872
13.000000 78476.765174
14.000000 78481.550188
15.000000 78459.103194
16.000000 65784.296321
17.000000 65024.926846
18.000000 65595.857138
19.000000 65662.223899
20.000000 65482.669361
21.000000 65409.349482
22.000000 66480.914360
23.000000 67149.202070
24.000000 65151.792365
25.000000 62411.764738
26.000000 61772.093617
27.000000 61806.255369
28.000000 61812.582206
29.000000 61790.382715
30.000000 61694.048939
31.000000 64011.926764
32.000000 66309.502094
33.000000 66552.836841
34.000000 66757.548036
35.000000 66786.926984
36.000000 66827.072159
37.000000 66546.395862
38.000000 66663.754413
39.000000 67902.551229
40.000000 68482.374472
41.000000 67415.333996
42.000000 65727.003259
43.000000 63122.638674
44.000000 59868.722634
45.000000 56147.903009
46.000000 51623.152305
47.000000 51624.461632
48.000000 51624.461632
49.000000 51624.461632
50.000000 51624.335575
51.000000 53307.302457
52.000000 56932.792712
53.000000 60183.185764
54.000000 62868.979862
55.000000 64644.334795
56.000000 65876.187488
57.000000 65545.784633
58.000000 64374.180382
59.000000 64141.809472
60.000000 64361.395468
61.000000 64406.975946
62.000000 64361.144454
63.000000 64131.379629
64.000000 64037.557096
65.000000 62029.138482
66.000000 59666.362032
67.000000 59664.644255
68.000000 59677.082398
69.000000 59676.405782
70.000000 59661.131183
71.000000 60025.903420
72.000000 62539.522159
73.000000 64668.562804
74.000000 64414.990657
75.000000 63326.636828
76.000000 66459.866501
77.000000 66636.975751
78.000000 66593.383403
79.000000 66156.349455
80.000000 66645.697347
81.000000 68031.261087
82.000000 68284.620526
83.000000 68230.464346
84.000000 68120.288579
85.000000 68919.999196
86.000000 69214.992625
87.000000 68145.581201
88.000000 66623.225422
89.000000 64052.154209
90.000000 61077.434936
91.000000 57545.851463
92.000000 53393.351631
93.000000 48830.963094
94.000000 46215.097697
95.000000 46215.097697
96.000000 46215.097697
97.000000 46215.097697
98.000000 46215.097697
99.000000 48297.141809
100.000000 52849.435889
101.000000 57072.720746
102.000000 60678.952403
103.000000 63693.639032
104.000000 66292.674324
105.000000 67996.117715
106.000000 83547.845988
107.000000 82965.840351
108.000000 82764.769027
109.000000 82809.945969
110.000000 82547.681307
111.000000 81258.438064
112.000000 80648.847830
113.000000 81199.317529
114.000000 81274.928395
115.000000 81152.339148
116.000000 81024.045231
117.000000 81386.159344
118.000000 79858.810184
119.000000 77474.923554
120.000000 77563.160102
121.000000 77598.076463
122.000000 77590.800988
123.000000 77505.168348
124.000000 78152.323574
125.000000 80222.047597
126.000000 81581.471248
127.000000 82293.642233
128.000000 82166.657843
129.000000 82122.663822
130.000000 82032.414087
131.000000 82624.632505
132.000000 81558.013247
133.000000 78859.485852
134.000000 75624.783096
135.000000 71582.928731
136.000000 73577.169090
137.000000 73582.966535
138.000000 73583.007863
139.000000 73582.517283
140.000000 73574.376906
141.000000 75818.848325
142.000000 79921.297244
143.000000 83168.159345
144.000000 85858.255349
145.000000 86889.924498
146.000000 86189.130733
147.000000 86289.071959
148.000000 86320.452123
149.000000 86446.574581
150.000000 85728.840398
151.000000 84352.283679
152.000000 82179.998235
153.000000 81427.378044
154.000000 81534.860416
155.000000 81547.260399
156.000000 81496.226098
157.000000 81358.146183
158.000000 83852.380932
159.000000 85435.293228
160.000000 84871.663437
161.000000 85007.828902
162.000000 85145.914315
163.000000 85088.307455
164.000000 84414.387370
165.000000 85028.239195
166.000000 90810.972596
167.000000 90995.938045
168.000000 90962.037691
169.000000 91129.410483
170.000000 91813.725550
171.000000 90792.675484
172.000000 89149.375184
173.000000 86414.217638
174.000000 83094.462801
175.000000 78905.048018
176.000000 73680.732708
177.000000 67535.738597
178.000000 64137.219965
179.000000 64137.219965
180.000000 64137.219965
181.000000 64137.219965
182.000000 64137.219965
183.000000 67516.296782
184.000000 73663.853958
185.000000 78893.786612
186.000000 83079.862845
187.000000 86435.480421
188.000000 89212.378709
189.000000 90769.627085
190.000000 91830.900566
191.000000 91685.245029
192.000000 90660.675606
193.000000 90832.435985
194.000000 90837.543688
195.000000 90815.157264
196.000000 93470.123274
197.000000 92667.470811
198.000000 93268.033872
199.000000 93337.341899
200.000000 93149.867609
201.000000 93073.659515
202.000000 94199.982140
203.000000 94895.548627
204.000000 92795.080209
205.000000 89838.678970
206.000000 89132.649658
207.000000 89168.344257
208.000000 89174.845004
209.000000 89151.882176
210.000000 89049.101013
211.000000 91574.588451
212.000000 94019.657810
213.000000 94278.763516
214.000000 94482.301237
215.000000 94512.786240
216.000000 94553.477932
217.000000 94261.954052
218.000000 94385.017742
219.000000 95671.356851
220.000000 96262.783573
221.000000 95168.494617
222.000000 93402.275675
223.000000 90609.026907
224.000000 86991.199828
225.000000 82666.417035
226.000000 74834.556355
227.000000 74835.920094
228.000000 74835.920094
229.000000 74835.920094
230.000000 74835.792624
231.000000 76904.701700
232.000000 81226.687646
233.000000 84947.198549
234.000000 87916.406658
235.000000 89837.348343
236.000000 91137.181858
237.000000 90773.778250
238.000000 89533.919266
239.000000 89287.130970
240.000000 89520.181823
241.000000 89569.798953
242.000000 89521.832687
243.000000 89275.309491
244.000000 89173.867848
245.000000 86994.679838
246.000000 84381.248859
247.000000 84376.126358
248.000000 84389.091996
249.000000 84388.393507
250.000000 84372.504320
251.000000 84786.093981
252.000000 87559.157425
253.000000 89855.656295
254.000000 89584.728154
255.000000 88419.889464
256.000000 84698.272767
257.000000 84881.547227
258.000000 84835.977315
259.000000 84377.301682
260.000000 84896.743730
261.000000 86352.186442
262.000000 86615.440376
263.000000 86557.930406
264.000000 86443.387412
265.000000 87274.079151
266.000000 87572.352240
267.000000 86462.691495
268.000000 84865.685305
269.000000 82121.559061
270.000000 78871.745253
271.000000 74904.776685
272.000000 70078.678074
273.000000 64570.840744
274.000000 61328.694386
275.000000 61328.694386
276.000000 61328.694386
277.000000 61328.694386
278.000000 61328.694386
279.000000 63912.593512
280.000000 69431.556931
281.000000 74363.342268
282.000000 78429.839550
283.000000 81734.384123
284.000000 84516.088497
285.000000 86308.321235
286.000000 98678.109942
287.000000 98114.409158
288.000000 97918.373077
289.000000 97962.530309
290.000000 97708.269004
291.000000 96442.429416
292.000000 95841.272801
293.000000 96381.504181
294.000000 96456.042654
295.000000 96336.720291
296.000000 96212.357552
297.000000 96567.436804
298.000000 95056.200395
299.000000 92677.821018
300.000000 92764.107853
301.000000 92798.345622
302.000000 92791.264400
303.000000 92706.966992
304.000000 93353.943192
305.000000 95413.616082
306.000000 96752.408754
307.000000 97451.328112
308.000000 97330.271171
309.000000 97286.857964
310.000000 97199.039053
311.000000 97784.232943
312.000000 96742.815418
313.000000 94065.507157
314.000000 90802.304779
315.000000 86643.044247
316.000000 92521.133125
317.000000 92526.653387
318.000000 92526.691867
319.000000 92526.233145
320.000000 92518.326012
321.000000 94807.168322
322.000000 98904.137753
323.000000 102067.025537
324.000000 104635.207583
325.000000 105605.027193
326.000000 104949.604285
327.000000 105043.621719
328.000000 105073.388684
329.000000 105196.669122
330.000000 104524.226186
331.000000 103208.762268
332.000000 101112.781774
333.000000 100380.971598
334.000000 100484.077408
335.000000 100495.845816
336.000000 100447.089171
337.000000 100314.202334
338.000000 102724.475588
339.000000 104237.150369
340.000000 103700.247597
341.000000 103830.965709
342.000000 103961.939476
343.000000 103907.040540
344.000000 103265.963262
345.000000 103850.944932
346.000000 78455.160686
347.000000 78640.002497
348.000000 78605.953172
349.000000 78772.706605
350.000000 79457.026976
351.000000 78434.272589
352.000000 76801.305930
353.000000 74108.175071
354.000000 70886.487249
355.000000 66895.662217
356.000000 62040.589974
357.000000 56498.117169
358.000000 53500.109559
359.000000 53500.109559
