0.000000 600.209122
1.000000 600.209122
2.000000 600.209122
3.000000 651.673058
4.000000 739.453215
5.000000 810.606805
6.000000 865.222156
7.000000 906.863024
8.000000 939.500237
9.000000 947.624122
10.000000 954.802372
11.000000 953.732143
12.000000 930.167000
13.000000 936.300739
14.000000 934.170400
15.000000 939.524621
16.000000 774.229172
17.000000 759.280331
18.000000 773.861745
19.000000 774.830472
20.000000 768.982087
21.000000 766.430471
22.000000 788.118725
23.000000 805.378216
24.000000 775.505605
25.000000 722.967165
26.000000 711.163278
27.000000 713.061822
28.000000 713.351465
29.000000 711.676456
30.000000 707.470425
31.000000 755.577264
32.000000 792.074423
33.000000 781.750094
34.000000 781.259527
35.000000 782.024827
36.000000 783.962232
37.000000 774.610536
38.000000 777.546026
39.000000 802.229324
40.000000 808.112802
41.000000 801.115798
42.000000 788.893932
43.000000 752.924897
44.000000 702.491127
45.000000 636.692515
46.000000 567.573982
47.000000 567.665913
48.000000 567.665913
49.000000 567.665913
50.000000 567.665913
51.000000 603.876517
52.000000 669.673500
53.000000 720.329386
54.000000 758.387812
55.000000 772.464221
56.000000 780.979965
57.000000 778.293242
58.000000 753.456245
59.000000 747.847368
60.000000 755.236181
61.000000 754.912622
62.000000 752.565115
63.000000 753.125577
64.000000 767.217593
65.000000 732.891953
66.000000 682.728592
67.000000 684.975448
68.000000 685.098673
69.000000 685.098673
70.000000 684.970325
71.000000 692.002689
72.000000 743.914323
73.000000 780.278906
74.000000 766.649820
75.000000 738.007364
76.000000 776.958932
77.000000 784.411103
78.000000 783.771276
79.000000 772.352068
80.000000 785.500457
81.000000 815.168459
82.000000 810.901616
83.000000 807.506443
84.000000 801.199885
85.000000 819.862432
86.000000 827.474358
87.000000 822.901154
88.000000 816.870404
89.000000 783.717946
90.000000 743.607930
91.000000 690.772620
92.000000 626.925644
93.000000 552.122012
94.000000 507.737508
95.000000 507.737508
96.000000 507.737508
97.000000 507.737508
98.000000 507.737508
99.000000 545.725554
100.000000 620.778055
101.000000 685.538119
102.000000 739.086876
103.000000 779.207225
104.000000 812.263869
105.000000 823.078001
106.000000 1008.384413
107.000000 989.899000
108.000000 987.757144
109.000000 991.531130
110.000000 994.610215
111.000000 972.199724
112.000000 961.803118
113.000000 977.374246
114.000000 980.770019
115.000000 980.770019
116.000000 980.226804
117.000000 995.589459
118.000000 972.365040
119.000000 936.805387
120.000000 936.746609
121.000000 936.746609
122.000000 936.746609
123.000000 936.746609
124.000000 947.341766
125.000000 991.998473
126.000000 1037.144140
127.000000 1067.363358
128.000000 1068.326285
129.000000 1068.326285
130.000000 1068.326285
131.000000 1054.879581
132.000000 1020.761761
133.000000 977.483468
134.000000 930.090167
135.000000 884.580375
136.000000 915.988092
137.000000 915.988092
138.000000 915.988092
139.000000 915.988092
140.000000 915.988092
141.000000 934.277503
142.000000 978.953740
143.000000 1026.556778
144.000000 1070.585693
145.000000 1106.135045
146.000000 1123.138489
147.000000 1123.138489
148.000000 1123.138489
149.000000 1123.138489
150.000000 1123.138489
151.000000 1123.138489
152.000000 1123.138489
153.000000 1123.138489
154.000000 1123.138489
155.000000 1123.138489
156.000000 1123.138489
157.000000 1123.138489
158.000000 1123.138489
159.000000 1123.138489
160.000000 1123.138489
161.000000 1123.138489
162.000000 1123.138489
163.000000 1123.138489
164.000000 1123.138489
165.000000 1123.138489
166.000000 1177.913130
167.000000 1177.913130
168.000000 1177.913130
169.000000 1177.913130
170.000000 1172.627561
171.000000 1149.891186
172.000000 1118.242708
173.000000 1080.717138
174.000000 1039.227890
175.000000 995.519907
176.000000 951.780590
177.000000 912.147807
178.000000 894.329749
179.000000 894.329749
180.000000 894.329749
181.000000 894.329749
182.000000 894.329749
183.000000 912.147807
184.000000 951.780590
185.000000 995.519907
186.000000 1039.227890
187.000000 1080.717138
188.000000 1118.242708
189.000000 1149.891186
190.000000 1172.627561
191.000000 1177.913130
192.000000 1177.913130
193.000000 1177.913130
194.000000 1177.913130
195.000000 1177.913130
196.000000 1228.493284
197.000000 1228.493284
198.000000 1228.493284
199.000000 1228.493284
200.000000 1228.493284
201.000000 1228.493284
202.000000 1228.493284
203.000000 1228.493284
204.000000 1228.493284
205.000000 1228.493284
206.000000 1228.493284
207.000000 1228.493284
208.000000 1228.493284
209.000000 1228.493284
210.000000 1228.493284
211.000000 1228.493284
212.000000 1228.493284
213.000000 1228.493284
214.000000 1228.493284
215.000000 1228.493284
216.000000 1228.493284
217.000000 1228.493284
218.000000 1228.493284
219.000000 1228.493284
220.000000 1223.880765
221.000000 1197.307268
222.000000 1159.729757
223.000000 1115.861859
224.000000 1069.342934
225.000000 1025.520945
226.000000 937.373878
227.000000 937.373878
228.000000 937.373878
229.000000 937.373878
230.000000 937.373878
231.000000 956.549636
232.000000 1000.325208
233.000000 1047.314869
234.000000 1091.920026
235.000000 1130.414763
236.000000 1158.120312
237.000000 1163.722543
238.000000 1163.722543
239.000000 1163.722543
240.000000 1163.722543
241.000000 1163.722543
242.000000 1163.722543
243.000000 1163.722543
244.000000 1163.722543
245.000000 1163.722543
246.000000 1163.722543
247.000000 1163.722543
248.000000 1163.722543
249.000000 1163.722543
250.000000 1163.722543
251.000000 1163.722543
252.000000 1163.722543
253.000000 1163.722543
254.000000 1163.722543
255.000000 1163.722543
256.000000 1117.047920
257.000000 1117.047920
258.000000 1117.047920
259.000000 1117.047920
260.000000 1117.047920
261.000000 1117.047920
262.000000 1117.047920
263.000000 1117.047920
264.000000 1117.047920
265.000000 1117.047920
266.000000 1112.314276
267.000000 1089.803515
268.000000 1058.161713
269.000000 1020.568566
270.000000 978.994900
271.000000 935.210358
272.000000 891.387323
273.000000 851.526431
274.000000 832.510410
275.000000 832.510410
276.000000 832.510410
277.000000 832.510410
278.000000 832.510410
279.000000 849.052006
280.000000 888.336946
281.000000 932.048744
282.000000 975.917662
283.000000 1017.708992
284.000000 1055.646238
285.000000 1087.793791
286.000000 1251.001146
287.000000 1256.724229
288.000000 1256.724229
289.000000 1256.724229
290.000000 1256.724229
291.000000 1256.724229
292.000000 1256.724229
293.000000 1256.724229
294.000000 1256.724229
295.000000 1256.724229
296.000000 1256.724229
297.000000 1256.724229
298.000000 1256.724229
299.000000 1256.724229
300.000000 1256.724229
301.000000 1256.724229
302.000000 1256.724229
303.000000 1256.724229
304.000000 1256.724229
305.000000 1256.724229
306.000000 1256.724229
307.000000 1256.724229
308.000000 1256.724229
309.000000 1256.724229
310.000000 1256.724229
311.000000 1241.093297
312.000000 1206.892475
313.000000 1164.127933
314.000000 1117.522601
315.000000 1073.301094
316.000000 1159.404375
317.000000 1159.404375
318.000000 1159.404375
319.000000 1159.404375
320.000000 1159.404375
321.000000 1180.641907
322.000000 1223.893639
323.000000 1268.743277
324.000000 1309.456686
325.000000 1341.505540
326.000000 1354.727335
327.000000 1354.727335
328.000000 1354.727335
329.000000 1353.772938
330.000000 1325.658534
331.000000 1283.489982
332.000000 1241.486325
333.000000 1231.655474
334.000000 1231.655474
335.000000 1231.655474
336.000000 1231.655474
337.000000 1231.757706
338.000000 1265.542391
339.000000 1287.058950
340.000000 1272.643261
341.000000 1273.133213
342.000000 1273.133213
343.000000 1269.980507
344.000000 1255.307671
345.000000 1265.223276
346.000000 950.366237
347.000000 947.041505
348.000000 943.443678
349.000000 944.857271
350.000000 957.485808
351.000000 948.643686
352.000000 938.251284
353.000000 905.904398
354.000000 865.470807
355.000000 810.470758
356.000000 739.414796
357.000000 651.673058
358.000000 600.209122
359.000000 600.209122
