0.000000 53569.096462
1.000000 53569.096462
2.000000 53569.096462
3.000000 56273.312832
4.000000 61328.058195
5.000000 65905.242220
6.000000 69830.810793
7.000000 73184.770342
8.000000 76124.416425
9.000000 77823.747242
10.000000 79027.155811
11.000000 78852.615087
12.000000 77665.916331
13.000000 77874.498071
14.000000 77877.363215
15.000000 77865.333662
16.000000 65466.876889
17.000000 64678.769291
18.000000 65278.109146
19.000000 65348.525373
20.000000 65157.496568
21.000000 65078.560406
22.000000 66195.566088
23.000000 66903.631908
24.000000 64843.398799
25.000000 62069.226512
26.000000 61434.519634
27.000000 61472.097872
28.000000 61479.266878
29.000000 61454.441941
30.000000 61352.150447
31.000000 63686.698201
32.000000 66032.886308
33.000000 66269.472390
34.000000 66485.273202
35.000000 66516.833013
36.000000 66561.505289
37.000000 66262.009725
38.000000 66385.124563
39.000000 67693.628612
40.000000 68312.556035
41.000000 67185.000727
42.000000 65446.185321
43.000000 62823.036955
44.000000 59635.739620
45.000000 56072.033923
46.000000 51834.255250
47.000000 51835.782045
48.000000 51835.782045
49.000000 51835.782045
50.000000 51835.629406
51.000000 53426.864570
52.000000 56869.714834
53.000000 60011.051361
54.000000 62674.626934
55.000000 64470.714285
56.000000 65749.336928
57.000000 65399.257988
58.000000 64173.688173
59.000000 63932.052787
60.000000 64165.147264
61.000000 64210.290358
62.000000 64160.634028
63.000000 63921.991479
64.000000 63842.411141
65.000000 61807.038200
66.000000 59432.584399
67.000000 59438.008458
68.000000 59452.086297
69.000000 59451.309172
70.000000 59433.979876
71.000000 59791.071242
72.000000 62319.137255
73.000000 64493.155836
74.000000 64216.136171
75.000000 63082.008535
76.000000 66113.996356
77.000000 66312.211253
78.000000 66264.502178
79.000000 65793.564105
80.000000 66306.037076
81.000000 67775.167741
82.000000 68037.530637
83.000000 67978.221542
84.000000 67857.958095
85.000000 68731.308260
86.000000 69056.313907
87.000000 67918.152698
88.000000 66341.788677
89.000000 63731.911592
90.000000 60810.107629
91.000000 57443.170156
92.000000 53579.190472
93.000000 49382.072156
94.000000 46958.005467
95.000000 46958.005467
96.000000 46958.005467
97.000000 46958.005467
98.000000 46958.005467
99.000000 48890.275447
100.000000 53078.976815
101.000000 56999.001168
102.000000 60425.449587
103.000000 63373.886358
104.000000 66000.666418
105.000000 67762.028609
106.000000 83771.912411
107.000000 84720.256325
108.000000 84660.178225
109.000000 84673.689482
110.000000 83955.775455
111.000000 83037.555907
112.000000 82669.435422
113.000000 82923.153097
114.000000 82974.211111
115.000000 82953.049749
116.000000 82185.868067
117.000000 82316.602198
118.000000 81006.741613
119.000000 79212.621968
120.000000 79243.044351
121.000000 79254.727670
122.000000 79253.446579
123.000000 79217.930840
124.000000 79690.182207
125.000000 81334.987474
126.000000 82561.613198
127.000000 83120.650088
128.000000 83690.687923
129.000000 83651.657162
130.000000 83636.938909
131.000000 82928.042223
132.000000 81806.937446
133.000000 79255.549803
134.000000 76357.633303
135.000000 72977.816223
136.000000 74978.787826
137.000000 74981.205105
138.000000 74981.208819
139.000000 74981.140960
140.000000 74976.449526
141.000000 76795.946233
142.000000 87006.517696
143.000000 87886.113640
144.000000 88648.358193
145.000000 88946.304120
146.000000 88736.307928
147.000000 88767.431964
148.000000 88776.439625
149.000000 88814.388508
150.000000 88602.758150
151.000000 88209.825648
152.000000 87600.596874
153.000000 87390.563418
154.000000 87422.903896
155.000000 87426.808599
156.000000 87411.135327
157.000000 87369.767254
158.000000 88070.671442
159.000000 88520.427339
160.000000 88350.447964
161.000000 88391.298428
162.000000 88432.684037
163.000000 88416.127003
164.000000 88216.276231
165.000000 88396.032514
166.000000 93146.895521
167.000000 93200.604233
168.000000 93189.660049
169.000000 93240.634641
170.000000 93456.066835
171.000000 93145.048660
172.000000 92660.861110
173.000000 91877.456844
174.000000 90972.840235
175.000000 89889.674321
176.000000 88610.910997
177.000000 87168.553299
178.000000 73643.533328
179.000000 73643.533328
180.000000 73643.533328
181.000000 73643.533328
182.000000 73643.533328
183.000000 87164.153655
184.000000 88607.103519
185.000000 89886.969903
186.000000 90968.797964
187.000000 91883.791267
188.000000 92679.989140
189.000000 93137.681437
190.000000 93460.985772
191.000000 93414.429808
192.000000 93093.526007
193.000000 93150.032056
194.000000 93150.794439
195.000000 93148.245794
196.000000 96714.452174
197.000000 96464.304446
198.000000 96654.774122
199.000000 96677.105262
200.000000 96616.477266
201.000000 96591.384476
202.000000 96944.799635
203.000000 97168.423084
204.000000 96519.791877
205.000000 95635.109698
206.000000 95430.940128
207.000000 95443.086578
208.000000 95445.402983
209.000000 95437.380242
210.000000 95404.304417
211.000000 96152.828834
212.000000 96895.647264
213.000000 96969.030106
214.000000 97034.126890
215.000000 97044.135449
216.000000 97058.206574
217.000000 96963.459218
218.000000 97002.449845
219.000000 97414.387033
220.000000 97606.890093
221.000000 97255.983930
222.000000 96711.499247
223.000000 95881.458671
224.000000 94858.540973
225.000000 93692.478722
226.000000 88001.360077
227.000000 88001.874661
228.000000 88001.874661
229.000000 88001.874661
230.000000 88001.823206
231.000000 88532.790400
232.000000 89660.497006
233.000000 90669.578706
234.000000 91512.991937
235.000000 92077.081930
236.000000 92474.021262
237.000000 92359.644104
238.000000 91976.457168
239.000000 91900.889927
240.000000 91974.569269
241.000000 91988.724749
242.000000 91973.071507
243.000000 91897.802111
244.000000 91875.387197
245.000000 91233.849070
246.000000 90475.596700
247.000000 90477.770404
248.000000 90482.310115
249.000000 90482.059549
250.000000 90476.469257
251.000000 90591.750642
252.000000 91397.671013
253.000000 92081.546279
254.000000 91992.138920
255.000000 91634.183590
256.000000 87951.336084
257.000000 88009.949691
258.000000 87995.825144
259.000000 87856.426438
260.000000 88008.351389
261.000000 88440.546285
262.000000 88515.981997
263.000000 88498.158416
264.000000 88462.768714
265.000000 88719.229485
266.000000 88812.323168
267.000000 88482.061958
268.000000 88023.656153
269.000000 87256.678791
270.000000 86389.282712
271.000000 74819.621403
272.000000 70621.866779
273.000000 66089.571046
274.000000 63509.162661
275.000000 63509.162661
276.000000 63509.162661
277.000000 63509.162661
278.000000 63509.162661
279.000000 65564.467913
280.000000 70081.702603
281.000000 74341.494225
282.000000 86274.217846
283.000000 87150.845609
284.000000 87923.677658
285.000000 88437.214102
286.000000 99901.866763
287.000000 99706.932676
288.000000 99639.805114
289.000000 99654.921964
290.000000 99573.089589
291.000000 99159.276645
292.000000 98962.804072
293.000000 99144.316127
294.000000 99168.399930
295.000000 99126.252405
296.000000 99085.673625
297.000000 99209.626940
298.000000 98737.734292
299.000000 97999.727678
300.000000 98030.319797
301.000000 98042.487633
302.000000 98039.856643
303.000000 98010.582924
304.000000 98209.744294
305.000000 98845.499191
306.000000 99266.209160
307.000000 99494.061083
308.000000 99453.765472
309.000000 99439.998841
310.000000 99409.103118
311.000000 99604.801175
312.000000 99274.972019
313.000000 98445.261340
314.000000 97489.071055
315.000000 96328.077685
316.000000 103315.834980
317.000000 103318.084835
318.000000 103318.102656
319.000000 103317.894314
320.000000 103314.952071
321.000000 103967.123924
322.000000 105180.793451
323.000000 106171.890084
324.000000 107028.129317
325.000000 107360.727947
326.000000 107127.587627
327.000000 107162.595179
328.000000 107172.682957
329.000000 107216.761999
330.000000 106980.504191
331.000000 106537.422558
332.000000 105850.464998
333.000000 105613.216928
334.000000 105649.711216
335.000000 105654.117272
336.000000 105636.435478
337.000000 105589.645500
338.000000 106379.441163
339.000000 106885.081152
340.000000 106693.274182
341.000000 106740.022309
342.000000 106786.592931
343.000000 106767.972235
344.000000 106542.958053
345.000000 106745.273465
346.000000 77860.653899
347.000000 78061.543234
348.000000 78021.063684
349.000000 78209.635501
350.000000 79006.136595
351.000000 77848.647872
352.000000 76052.390273
353.000000 73160.899039
354.000000 69845.401546
355.000000 65914.992450
356.000000 61341.546294
357.000000 56288.330245
358.000000 53569.096462
359.000000 53569.096462
