0.000000 615.362507
1.000000 615.362507
2.000000 615.362507
3.000000 659.645011
4.000000 735.658976
5.000000 799.744783
6.000000 851.929214
7.000000 893.759371
8.000000 927.780840
9.000000 935.147587
10.000000 942.100657
11.000000 940.812042
12.000000 914.941346
13.000000 922.453143
14.000000 919.859068
15.000000 927.243354
16.000000 769.675230
17.000000 754.569620
18.000000 768.962772
19.000000 769.867311
20.000000 764.338684
21.000000 761.782674
22.000000 783.320418
23.000000 800.674301
24.000000 771.446256
25.000000 721.097351
26.000000 710.026676
27.000000 712.207697
28.000000 712.549911
29.000000 710.582906
30.000000 706.479148
31.000000 752.207129
32.000000 787.672976
33.000000 777.022127
34.000000 776.612990
35.000000 777.299350
36.000000 779.126261
37.000000 769.947627
38.000000 772.957197
39.000000 797.587527
40.000000 802.823056
41.000000 796.141551
42.000000 784.736540
43.000000 749.862422
44.000000 702.457525
45.000000 642.858991
46.000000 580.315509
47.000000 580.426721
48.000000 580.426721
49.000000 580.426721
50.000000 580.426721
51.000000 612.998289
52.000000 672.156419
53.000000 719.267390
54.000000 755.803191
55.000000 768.829505
56.000000 776.618390
57.000000 773.806836
58.000000 749.216655
59.000000 743.744958
60.000000 751.869032
61.000000 751.512422
62.000000 748.927580
63.000000 749.532205
64.000000 763.889637
65.000000 730.502522
66.000000 682.609538
67.000000 685.526905
68.000000 685.668437
69.000000 685.668437
70.000000 685.521022
71.000000 691.423649
72.000000 740.955049
73.000000 776.709621
74.000000 763.005671
75.000000 734.324524
76.000000 771.138703
77.000000 779.609139
78.000000 778.879753
79.000000 765.926759
80.000000 778.561886
81.000000 808.770950
82.000000 803.854961
83.000000 800.148415
84.000000 793.264445
85.000000 813.639254
86.000000 822.069272
87.000000 817.828368
88.000000 812.175463
89.000000 779.345977
90.000000 741.420562
91.000000 692.251229
92.000000 634.859559
93.000000 568.822402
94.000000 529.054347
95.000000 529.054347
96.000000 529.054347
97.000000 529.054347
98.000000 529.054347
99.000000 563.078626
100.000000 629.322123
101.000000 687.389574
102.000000 737.045917
103.000000 774.753336
104.000000 807.561303
105.000000 818.125923
106.000000 1008.115946
107.000000 1044.926575
108.000000 1044.286124
109.000000 1045.414543
110.000000 1046.334964
111.000000 1039.631059
112.000000 1036.516868
113.000000 1041.180006
114.000000 1042.196149
115.000000 1042.196149
116.000000 1042.033617
117.000000 1046.627646
118.000000 1039.680555
119.000000 1029.016554
120.000000 1028.998895
121.000000 1028.998895
122.000000 1028.998895
123.000000 1028.998895
124.000000 1032.180177
125.000000 1045.554257
126.000000 1059.032257
127.000000 1068.039392
128.000000 1068.326285
129.000000 1068.326285
130.000000 1068.326285
131.000000 1064.319442
132.000000 1054.145149
133.000000 1041.212693
134.000000 1026.998389
135.000000 1013.277176
136.000000 1058.728986
137.000000 1058.728986
138.000000 1058.728986
139.000000 1058.728986
140.000000 1058.728986
141.000000 1064.458274
142.000000 1078.404291
143.000000 1093.204891
144.000000 1106.859364
145.000000 1117.871994
146.000000 1123.138489
147.000000 1123.138489
148.000000 1123.138489
149.000000 1123.138489
150.000000 1123.138489
151.000000 1123.138489
152.000000 1123.138489
153.000000 1123.138489
154.000000 1123.138489
155.000000 1123.138489
156.000000 1123.138489
157.000000 1123.138489
158.000000 1123.138489
159.000000 1123.138489
160.000000 1123.138489
161.000000 1123.138489
162.000000 1123.138489
163.000000 1123.138489
164.000000 1123.138489
165.000000 1123.138489
166.000000 1177.913130
167.000000 1177.913130
168.000000 1177.913130
169.000000 1177.913130
170.000000 1176.207726
171.000000 1168.874664
172.000000 1158.671449
173.000000 1146.571560
174.000000 1133.178494
175.000000 1119.035934
176.000000 1104.831284
177.000000 1091.899694
178.000000 1086.063135
179.000000 1086.063135
180.000000 1086.063135
181.000000 1086.063135
182.000000 1086.063135
183.000000 1091.899694
184.000000 1104.831284
185.000000 1119.035934
186.000000 1133.178494
187.000000 1146.571560
188.000000 1158.671449
189.000000 1168.874664
190.000000 1176.207726
191.000000 1177.913130
192.000000 1177.913130
193.000000 1177.913130
194.000000 1177.913130
195.000000 1177.913130
196.000000 1228.493284
197.000000 1228.493284
198.000000 1228.493284
199.000000 1228.493284
200.000000 1228.493284
201.000000 1228.493284
202.000000 1228.493284
203.000000 1228.493284
204.000000 1228.493284
205.000000 1228.493284
206.000000 1228.493284
207.000000 1228.493284
208.000000 1228.493284
209.000000 1228.493284
210.000000 1228.493284
211.000000 1228.493284
212.000000 1228.493284
213.000000 1228.493284
214.000000 1228.493284
215.000000 1228.493284
216.000000 1228.493284
217.000000 1228.493284
218.000000 1228.493284
219.000000 1228.493284
220.000000 1226.944816
221.000000 1218.031033
222.000000 1205.440925
223.000000 1190.751284
224.000000 1175.164047
225.000000 1160.452088
226.000000 1091.299193
227.000000 1091.299193
228.000000 1091.299193
229.000000 1091.299193
230.000000 1091.299193
231.000000 1097.476893
232.000000 1111.534293
233.000000 1126.570686
234.000000 1140.812828
235.000000 1153.094003
236.000000 1161.934368
237.000000 1163.722543
238.000000 1163.722543
239.000000 1163.722543
240.000000 1163.722543
241.000000 1163.722543
242.000000 1163.722543
243.000000 1163.722543
244.000000 1163.722543
245.000000 1163.722543
246.000000 1163.722543
247.000000 1163.722543
248.000000 1163.722543
249.000000 1163.722543
250.000000 1163.722543
251.000000 1163.722543
252.000000 1163.722543
253.000000 1163.722543
254.000000 1163.722543
255.000000 1163.722543
256.000000 1117.047920
257.000000 1117.047920
258.000000 1117.047920
259.000000 1117.047920
260.000000 1117.047920
261.000000 1117.047920
262.000000 1117.047920
263.000000 1117.047920
264.000000 1117.047920
265.000000 1117.047920
266.000000 1115.588185
267.000000 1108.646309
268.000000 1098.884838
269.000000 1087.273591
270.000000 1074.402953
271.000000 1060.797700
272.000000 1047.110826
273.000000 1034.584511
274.000000 1028.578220
275.000000 1028.578220
276.000000 1028.578220
277.000000 1028.578220
278.000000 1028.578220
279.000000 1033.804141
280.000000 1046.155041
281.000000 1059.812819
282.000000 1073.448638
283.000000 1086.389468
284.000000 1098.108463
285.000000 1108.026490
286.000000 1254.758353
287.000000 1256.724229
288.000000 1256.724229
289.000000 1256.724229
290.000000 1256.724229
291.000000 1256.724229
292.000000 1256.724229
293.000000 1256.724229
294.000000 1256.724229
295.000000 1256.724229
296.000000 1256.724229
297.000000 1256.724229
298.000000 1256.724229
299.000000 1256.724229
300.000000 1256.724229
301.000000 1256.724229
302.000000 1256.724229
303.000000 1256.724229
304.000000 1256.724229
305.000000 1256.724229
306.000000 1256.724229
307.000000 1256.724229
308.000000 1256.724229
309.000000 1256.724229
310.000000 1256.724229
311.000000 1251.356828
312.000000 1239.629935
313.000000 1224.988245
314.000000 1209.039839
315.000000 1193.895612
316.000000 1282.200241
317.000000 1282.200241
318.000000 1282.200241
319.000000 1282.200241
320.000000 1282.200241
321.000000 1290.061294
322.000000 1306.075114
323.000000 1322.703444
324.000000 1337.836430
325.000000 1349.785852
326.000000 1354.727335
327.000000 1354.727335
328.000000 1354.727335
329.000000 1354.370388
330.000000 1343.872589
331.000000 1328.179591
332.000000 1312.593798
333.000000 1308.950623
334.000000 1308.950623
335.000000 1308.950623
336.000000 1308.950623
337.000000 1308.988501
338.000000 1321.515470
339.000000 1329.505733
340.000000 1324.151189
341.000000 1324.333093
342.000000 1324.333093
343.000000 1323.162689
344.000000 1317.718399
345.000000 1321.397046
346.000000 936.519103
347.000000 932.570817
348.000000 928.298740
349.000000 929.977181
350.000000 945.276984
351.000000 936.338185
352.000000 926.433661
353.000000 892.799462
354.000000 852.228635
355.000000 799.644753
356.000000 735.605409
357.000000 659.645011
358.000000 615.362507
359.000000 615.362507
