0.000000 33486.118699
1.000000 33486.118699
2.000000 33486.118699
3.000000 38497.466788
4.000000 49024.771726
5.000000 58986.570528
6.000000 67257.992218
7.000000 73902.570712
8.000000 79333.702584
9.000000 82334.690084
10.000000 84346.477073
11.000000 84062.838550
12.000000 82098.093442
13.000000 82426.967811
14.000000 82437.477267
15.000000 82398.954033
16.000000 58881.070955
17.000000 57347.562443
18.000000 58495.368440
19.000000 58628.702896
20.000000 58268.691143
21.000000 58122.335744
22.000000 60289.570007
23.000000 61639.786592
24.000000 57577.097605
25.000000 52050.907131
26.000000 50776.088013
27.000000 50841.915629
28.000000 50854.035347
29.000000 50811.410923
30.000000 50624.613399
31.000000 55263.641796
32.000000 59932.019843
33.000000 60437.411946
34.000000 60850.322698
35.000000 60909.254135
36.000000 60988.915950
37.000000 60425.006782
38.000000 60662.037825
39.000000 63165.075105
40.000000 64333.714022
41.000000 62179.166854
42.000000 58737.682278
43.000000 53427.971330
44.000000 46905.044485
45.000000 39845.399376
46.000000 32289.473061
47.000000 32291.554465
48.000000 32291.554465
49.000000 32291.554465
50.000000 32291.353047
51.000000 35057.473378
52.000000 41610.866574
53.000000 47960.240717
54.000000 53380.817556
55.000000 56999.754673
56.000000 59501.537319
57.000000 58834.945787
58.000000 56471.740628
59.000000 56004.767136
60.000000 56443.086756
61.000000 56535.890974
62.000000 56444.787263
63.000000 55978.399928
64.000000 55771.457827
65.000000 51713.855113
66.000000 47047.580542
67.000000 47040.676533
68.000000 47064.143898
69.000000 47062.869785
70.000000 47034.063423
71.000000 47747.741342
72.000000 52740.978149
73.000000 57050.508938
74.000000 56547.817400
75.000000 54363.021815
76.000000 60184.032456
77.000000 60534.935256
78.000000 60447.972111
79.000000 59573.026021
80.000000 60561.192113
81.000000 63358.179612
82.000000 63871.940984
83.000000 63763.483788
84.000000 63542.892918
85.000000 65144.600101
86.000000 65733.947537
87.000000 63581.753870
88.000000 60482.414377
89.000000 55225.481121
90.000000 49164.538970
91.000000 42159.124455
92.000000 34478.486751
93.000000 27151.210542
94.000000 23626.233141
95.000000 23626.233141
96.000000 23626.233141
97.000000 23626.233141
98.000000 23626.233141
99.000000 26390.346824
100.000000 33536.721275
101.000000 41247.689358
102.000000 48360.338269
103.000000 54492.392359
104.000000 59808.513132
105.000000 63278.676774
106.000000 91526.623772
107.000000 90454.835145
108.000000 90084.314100
109.000000 90168.093084
110.000000 89692.368170
111.000000 87274.229823
112.000000 86116.300066
113.000000 87155.519315
114.000000 87299.197504
115.000000 87071.593169
116.000000 86836.339908
117.000000 87529.130930
118.000000 84606.654603
119.000000 79955.540429
120.000000 80122.965703
121.000000 80189.145072
122.000000 80175.532637
123.000000 80012.122029
124.000000 81284.934504
125.000000 85310.713427
126.000000 87890.666186
127.000000 89202.231025
128.000000 88962.949170
129.000000 88879.302277
130.000000 88712.116616
131.000000 89839.189923
132.000000 87859.908923
133.000000 82693.627084
134.000000 76261.909859
135.000000 68009.925813
136.000000 71260.142702
137.000000 71270.876606
138.000000 71270.950573
139.000000 71270.068171
140.000000 71254.645646
141.000000 75844.645882
142.000000 84082.767508
143.000000 90342.798845
144.000000 95292.859802
145.000000 97120.712226
146.000000 95838.157414
147.000000 96017.442864
148.000000 96074.799245
149.000000 96303.991008
150.000000 95039.493347
151.000000 92527.019312
152.000000 88430.311884
153.000000 86984.462669
154.000000 87187.094395
155.000000 87210.092719
156.000000 87114.612898
157.000000 86853.725789
158.000000 91593.498348
159.000000 94516.315989
160.000000 93474.152136
161.000000 93714.644978
162.000000 93966.767936
163.000000 93860.862247
164.000000 92622.911666
165.000000 93754.183273
166.000000 103541.652217
167.000000 103844.312747
168.000000 103787.001434
169.000000 104073.114927
170.000000 105231.383746
171.000000 103547.874502
172.000000 100749.493328
173.000000 95897.374257
174.000000 89699.761288
175.000000 81441.267939
176.000000 70625.411036
177.000000 57762.254409
178.000000 50974.151927
179.000000 50974.151927
180.000000 50974.151927
181.000000 50974.151927
182.000000 50974.151927
183.000000 57722.194216
184.000000 70589.352994
185.000000 81418.039794
186.000000 89672.142558
187.000000 95935.416463
188.000000 100857.958019
189.000000 103509.050742
190.000000 105255.851802
191.000000 105008.981373
192.000000 103274.140730
193.000000 103564.557344
194.000000 103574.313678
195.000000 103547.615854
196.000000 107675.692748
197.000000 106329.109556
198.000000 107335.446456
199.000000 107450.319855
200.000000 107138.673903
201.000000 107012.112757
202.000000 108885.804402
203.000000 110024.833380
204.000000 106574.195890
205.000000 101457.149250
206.000000 100188.631903
207.000000 100250.345437
208.000000 100261.416553
209.000000 100222.049014
210.000000 100040.996349
211.000000 104495.052253
212.000000 108604.950166
213.000000 109004.776924
214.000000 109306.428023
215.000000 109356.302239
216.000000 109422.144617
217.000000 108943.140952
218.000000 109146.240083
219.000000 111228.447865
220.000000 112155.152655
221.000000 110461.967337
222.000000 107613.445365
223.000000 102873.275794
224.000000 96342.413086
225.000000 88018.249534
226.000000 73182.558343
227.000000 73185.002095
228.000000 73185.002095
229.000000 73185.002095
230.000000 73184.778614
231.000000 77415.848097
232.000000 86104.449136
233.000000 93247.566375
234.000000 98651.687775
235.000000 101991.039951
236.000000 104163.813592
237.000000 103553.154335
238.000000 101421.198872
239.000000 100988.659218
240.000000 101394.530476
241.000000 101482.989075
242.000000 101400.466086
243.000000 100994.278609
244.000000 100838.453763
245.000000 96965.486652
246.000000 92140.375592
247.000000 92124.352406
248.000000 92147.350461
249.000000 92146.122198
250.000000 92117.984374
251.000000 92900.102832
252.000000 97984.493591
253.000000 102015.686003
254.000000 101542.063085
255.000000 99494.796793
256.000000 93202.756614
257.000000 93532.164797
258.000000 93449.490610
259.000000 92610.204175
260.000000 93569.501164
261.000000 96205.406226
262.000000 96663.722679
263.000000 96560.531071
264.000000 96355.234670
265.000000 97825.756164
266.000000 98347.564282
267.000000 96423.242142
268.000000 93564.660631
269.000000 88470.288450
270.000000 82165.693646
271.000000 74146.123154
272.000000 64118.008852
273.000000 52853.675680
274.000000 46647.447281
275.000000 46647.447281
276.000000 46647.447281
277.000000 46647.447281
278.000000 46647.447281
279.000000 51559.402274
280.000000 62770.034224
281.000000 73030.325202
282.000000 81288.245098
283.000000 87734.831427
284.000000 92928.480049
285.000000 96151.681631
286.000000 115776.546575
287.000000 114912.933054
288.000000 114612.674872
289.000000 114681.038042
290.000000 114305.506994
291.000000 112325.109909
292.000000 111362.720971
293.000000 112223.785549
294.000000 112342.812479
295.000000 112156.129619
296.000000 111968.279661
297.000000 112550.498397
298.000000 110124.636404
299.000000 106154.105684
300.000000 106296.643450
301.000000 106352.971347
302.000000 106341.472699
303.000000 106201.687135
304.000000 107300.225960
305.000000 110707.991996
306.000000 112830.094901
307.000000 113890.924867
308.000000 113698.974968
309.000000 113629.944302
310.000000 113493.262485
311.000000 114432.789833
312.000000 112842.570649
313.000000 108549.296132
314.000000 102970.549385
315.000000 95347.969296
316.000000 105013.530438
317.000000 105022.438539
318.000000 105022.498363
319.000000 105021.780785
320.000000 105008.657966
321.000000 109033.941910
322.000000 115772.499427
323.000000 120557.532226
324.000000 124173.835384
325.000000 125464.871891
326.000000 124539.035262
327.000000 124669.083570
328.000000 124710.699643
329.000000 124882.557526
330.000000 123989.710475
331.000000 122158.464588
332.000000 119084.498477
333.000000 117973.560479
334.000000 118128.953250
335.000000 118146.407017
336.000000 118073.510546
337.000000 117872.796341
338.000000 121463.539745
339.000000 123607.519828
340.000000 122834.706724
341.000000 123009.742997
342.000000 123194.593062
343.000000 123117.097212
344.000000 122205.531525
345.000000 123038.963388
346.000000 82392.106803
347.000000 82742.330025
348.000000 82677.307283
349.000000 82999.931473
350.000000 84312.305321
351.000000 82374.742871
352.000000 79209.540658
353.000000 73859.758140
354.000000 67286.494762
355.000000 59008.642643
356.000000 49055.634079
357.000000 38527.194900
358.000000 33486.118699
359.000000 33486.118699
