0.000000 34630.374062
1.000000 34630.374062
2.000000 34630.374062
3.000000 37988.370050
4.000000 46009.680488
5.000000 54748.945845
6.000000 62755.854694
7.000000 69621.855253
8.000000 75489.900055
9.000000 78839.224417
10.000000 81125.735219
11.000000 80814.760176
12.000000 78656.450819
13.000000 79012.140201
14.000000 79024.083361
15.000000 78959.791012
16.000000 54510.455290
17.000000 53136.050191
18.000000 54156.193094
19.000000 54276.117842
20.000000 53954.611142
21.000000 53824.969990
22.000000 55790.098394
23.000000 57032.650743
24.000000 53238.083206
25.000000 48433.283479
26.000000 47381.987760
27.000000 47434.362295
28.000000 47444.006258
29.000000 47410.125013
30.000000 47261.695325
31.000000 51173.168920
32.000000 55411.581990
33.000000 55945.917934
34.000000 56381.121918
35.000000 56434.752508
36.000000 56506.836883
37.000000 55994.454165
38.000000 56210.934365
39.000000 58558.281696
40.000000 59699.592432
41.000000 57548.240801
42.000000 54240.575967
43.000000 49429.698555
44.000000 43984.661421
45.000000 38716.494653
46.000000 33343.847889
47.000000 33345.093810
48.000000 33345.093810
49.000000 33345.093810
50.000000 33344.973205
51.000000 35099.606064
52.000000 39655.398086
53.000000 44613.520766
54.000000 49247.885632
55.000000 52555.251066
56.000000 54943.466587
57.000000 54324.622925
58.000000 52192.024269
59.000000 51783.698780
60.000000 52163.260886
61.000000 52245.035254
62.000000 52165.796422
63.000000 51710.669362
64.000000 51457.147237
65.000000 47913.564819
66.000000 44142.248643
67.000000 44133.860747
68.000000 44151.588414
69.000000 44150.625507
70.000000 44128.874042
71.000000 44686.609322
72.000000 48787.604532
73.000000 52617.449248
74.000000 52197.894731
75.000000 50303.911013
76.000000 55786.465235
77.000000 56103.839559
78.000000 56024.900708
79.000000 55235.226634
80.000000 56133.774494
81.000000 58761.454028
82.000000 59289.645196
83.000000 59188.870445
84.000000 58982.861535
85.000000 60517.205888
86.000000 61092.036944
87.000000 58910.987022
88.000000 55861.941976
89.000000 50941.235852
90.000000 45619.942245
91.000000 39974.253883
92.000000 34445.486888
93.000000 29801.444275
94.000000 27717.396597
95.000000 27717.396597
96.000000 27717.396597
97.000000 27717.396597
98.000000 27717.396597
99.000000 29348.841176
100.000000 33817.216782
101.000000 39282.329165
102.000000 44944.171562
103.000000 50277.552086
104.000000 55216.552233
105.000000 58606.354437
106.000000 89381.108999
107.000000 88160.703909
108.000000 87738.717759
109.000000 87833.372451
110.000000 87272.941251
111.000000 84536.188750
112.000000 83250.069746
113.000000 84400.925831
114.000000 84561.353105
115.000000 84308.364328
116.000000 84036.472088
117.000000 84783.388909
118.000000 81504.901724
119.000000 76465.686661
120.000000 76640.681862
121.000000 76710.172367
122.000000 76695.895486
123.000000 76524.543030
124.000000 77882.536176
125.000000 82291.541284
126.000000 85208.820067
127.000000 86723.412722
128.000000 86455.455995
129.000000 86361.354591
130.000000 86174.472549
131.000000 87424.620848
132.000000 85130.939856
133.000000 79316.195144
134.000000 72371.977829
135.000000 64040.734929
136.000000 67621.502048
137.000000 67631.645560
138.000000 67631.715432
139.000000 67630.882268
140.000000 67616.307697
141.000000 72213.579190
142.000000 80998.068391
143.000000 88055.073911
144.000000 93820.668317
145.000000 95996.248912
146.000000 94511.723921
147.000000 94719.339780
148.000000 94786.196977
149.000000 95051.912149
150.000000 93551.015415
151.000000 90614.139610
152.000000 85943.388039
153.000000 84331.054760
154.000000 84553.847925
155.000000 84579.139246
156.000000 84474.019008
157.000000 84187.517190
158.000000 89535.392249
159.000000 92925.830352
160.000000 91735.392911
161.000000 92018.471909
162.000000 92308.918257
163.000000 92186.142911
164.000000 90763.905493
165.000000 92065.140679
166.000000 103725.092314
167.000000 104096.086097
168.000000 104027.365571
169.000000 104371.363906
170.000000 105765.480502
171.000000 103716.462320
172.000000 100331.617349
173.000000 94541.436007
174.000000 87305.165094
175.000000 78011.501861
176.000000 66594.936209
177.000000 54420.745353
178.000000 48731.181742
179.000000 48731.181742
180.000000 48731.181742
181.000000 48731.181742
182.000000 48731.181742
183.000000 54385.360573
184.000000 66558.581425
185.000000 77986.033883
186.000000 87273.428825
187.000000 94586.191592
188.000000 100461.750307
189.000000 103669.803812
190.000000 105796.857285
191.000000 105499.769901
192.000000 103413.590401
193.000000 103760.554608
194.000000 103772.464129
195.000000 103732.721548
196.000000 108763.261480
197.000000 107136.152062
198.000000 108350.182762
199.000000 108489.120777
200.000000 108112.787716
201.000000 107960.220926
202.000000 110230.913581
203.000000 111616.789243
204.000000 107415.388382
205.000000 101280.188993
206.000000 99780.704086
207.000000 99852.805216
208.000000 99865.736821
209.000000 99819.767792
210.000000 99608.292579
211.000000 104905.851627
212.000000 109883.334579
213.000000 110379.042491
214.000000 110751.474946
215.000000 110811.954433
216.000000 110891.677882
217.000000 110311.088421
218.000000 110557.496081
219.000000 113094.627280
220.000000 114229.772002
221.000000 112151.801192
222.000000 108668.708698
223.000000 102930.659425
224.000000 95189.783436
225.000000 85723.525467
226.000000 69830.313334
227.000000 69832.605974
228.000000 69832.605974
229.000000 69832.605974
230.000000 69832.396184
231.000000 74073.115800
232.000000 83363.580745
233.000000 91475.334712
234.000000 97830.117908
235.000000 101836.297903
236.000000 104469.303719
237.000000 103732.881457
238.000000 101183.458548
239.000000 100670.836478
240.000000 101150.752538
241.000000 101255.846118
242.000000 101158.146917
243.000000 100664.033315
244.000000 100458.303550
245.000000 95871.233642
246.000000 90307.957834
247.000000 90288.184009
248.000000 90313.962096
249.000000 90312.585423
250.000000 90281.049252
251.000000 91172.249218
252.000000 97069.559607
253.000000 101868.711617
254.000000 101310.712108
255.000000 98887.752794
256.000000 91431.910474
257.000000 91808.982873
258.000000 91714.185238
259.000000 90754.246279
260.000000 91855.101355
261.000000 94921.506592
262.000000 95473.163795
263.000000 95353.339761
264.000000 95114.897630
265.000000 96840.148239
266.000000 97456.604868
267.000000 95152.140383
268.000000 91765.021123
269.000000 85849.905487
270.000000 78746.120147
271.000000 70121.598221
272.000000 60115.719457
273.000000 50122.897333
274.000000 45265.469985
275.000000 45265.469985
276.000000 45265.469985
277.000000 45265.469985
278.000000 45265.469985
279.000000 49070.533536
280.000000 58845.661344
281.000000 68962.592107
282.000000 77778.576299
283.000000 85008.249641
284.000000 91018.909322
285.000000 94827.781448
286.000000 118675.631127
287.000000 117615.165966
288.000000 117246.801521
289.000000 117330.564593
290.000000 116868.805380
291.000000 114442.722075
292.000000 113268.385303
293.000000 114318.355227
294.000000 114463.800216
295.000000 114235.938256
296.000000 114005.740146
297.000000 114714.355786
298.000000 111747.786455
299.000000 106939.417185
300.000000 107109.823508
301.000000 107177.304067
302.000000 107163.536089
303.000000 106996.162611
304.000000 108319.656538
305.000000 112460.405937
306.000000 115058.950233
307.000000 116360.860977
308.000000 116125.953975
309.000000 116041.454146
310.000000 115874.388577
311.000000 117024.561967
312.000000 115070.435734
313.000000 109816.809003
314.000000 103069.762854
315.000000 94097.773903
316.000000 105593.555207
317.000000 105604.035237
318.000000 105604.105600
319.000000 105603.261857
320.000000 105587.823093
321.000000 110419.141954
322.000000 118644.640718
323.000000 124525.943881
324.000000 128957.107301
325.000000 130526.155102
326.000000 129385.742297
327.000000 129545.343298
328.000000 129596.351527
329.000000 129807.380984
330.000000 128722.566404
331.000000 126481.799034
332.000000 122704.618545
333.000000 121339.409562
334.000000 121530.193428
335.000000 121551.622980
336.000000 121462.111532
337.000000 121215.698333
338.000000 125628.963169
339.000000 128258.433350
340.000000 127305.323192
341.000000 127518.197597
342.000000 127745.223615
343.000000 127650.140489
344.000000 126530.324471
345.000000 127553.892016
346.000000 78951.062554
347.000000 79356.287704
348.000000 79285.420311
349.000000 79639.605271
350.000000 81081.982820
351.000000 78882.922359
352.000000 75354.079667
353.000000 69576.841634
354.000000 62784.378551
355.000000 54769.362317
356.000000 46034.804788
357.000000 38008.599747
358.000000 34630.374062
359.000000 34630.374062
