0.000000 324.873705
1.000000 324.873705
2.000000 324.873705
3.000000 378.588552
4.000000 501.870731
5.000000 629.707774
6.000000 739.803424
7.000000 827.743067
8.000000 897.967525
9.000000 916.373568
10.000000 932.373408
11.000000 930.144173
12.000000 879.822255
13.000000 892.377283
14.000000 888.002483
15.000000 898.477828
16.000000 587.613828
17.000000 561.003386
18.000000 587.098530
19.000000 588.884082
20.000000 578.190344
21.000000 573.627890
22.000000 613.226287
23.000000 645.808702
24.000000 589.618153
25.000000 498.750508
26.000000 479.915710
27.000000 482.790298
28.000000 483.227561
29.000000 480.700033
30.000000 474.179473
31.000000 553.838333
32.000000 620.386511
33.000000 601.389169
34.000000 600.476663
35.000000 601.921499
36.000000 605.546788
37.000000 588.350769
38.000000 593.656593
39.000000 639.758887
40.000000 651.395209
41.000000 637.788628
42.000000 614.285038
43.000000 549.076324
44.000000 466.330304
45.000000 376.699150
46.000000 308.258803
47.000000 308.346783
48.000000 308.346783
49.000000 308.346783
50.000000 308.346783
51.000000 343.427204
52.000000 423.256502
53.000000 499.474141
54.000000 564.192603
55.000000 589.860972
56.000000 605.853993
57.000000 600.959778
58.000000 556.255471
59.000000 546.456202
60.000000 559.012668
61.000000 558.459104
62.000000 554.452916
63.000000 555.412618
64.000000 580.251928
65.000000 520.412232
66.000000 441.919079
67.000000 445.048280
68.000000 445.223620
69.000000 445.223620
70.000000 445.040991
71.000000 455.576006
72.000000 539.201697
73.000000 604.161241
74.000000 579.384565
75.000000 529.508481
76.000000 592.087933
77.000000 605.285129
78.000000 604.146067
79.000000 584.008384
80.000000 608.329544
81.000000 664.554286
82.000000 656.620230
83.000000 650.225022
84.000000 638.434381
85.000000 673.654463
86.000000 688.226058
87.000000 678.975123
88.000000 666.894656
89.000000 603.661027
90.000000 531.814065
91.000000 447.890359
92.000000 364.846116
93.000000 293.117336
94.000000 260.792316
95.000000 260.792316
96.000000 260.792316
97.000000 260.792316
98.000000 260.792316
99.000000 287.997549
100.000000 357.899283
101.000000 440.284414
102.000000 524.168803
103.000000 595.409019
104.000000 657.930976
105.000000 679.255363
106.000000 1041.640413
107.000000 1002.975728
108.000000 998.488283
109.000000 1006.396532
110.000000 1012.852869
111.000000 965.962697
112.000000 944.310441
113.000000 976.766070
114.000000 983.864268
115.000000 983.864268
116.000000 982.728356
117.000000 1014.906915
118.000000 966.307587
119.000000 892.620184
120.000000 892.499374
121.000000 892.499374
122.000000 892.499374
123.000000 892.499374
124.000000 914.335316
125.000000 1007.376239
126.000000 1102.230112
127.000000 1165.608469
128.000000 1167.621955
129.000000 1167.621955
130.000000 1167.621955
131.000000 1139.465218
132.000000 1067.789162
133.000000 976.994276
134.000000 878.842991
135.000000 787.082902
136.000000 849.869841
137.000000 849.869841
138.000000 849.869841
139.000000 849.869841
140.000000 849.869841
141.000000 886.792556
142.000000 978.388901
143.000000 1077.178573
144.000000 1168.549382
145.000000 1241.636900
146.000000 1276.221754
147.000000 1276.221754
148.000000 1276.221754
149.000000 1276.221754
150.000000 1276.221754
151.000000 1276.221754
152.000000 1276.221754
153.000000 1276.221754
154.000000 1276.221754
155.000000 1276.221754
156.000000 1276.221754
157.000000 1276.221754
158.000000 1276.221754
159.000000 1276.221754
160.000000 1276.221754
161.000000 1276.221754
162.000000 1276.221754
163.000000 1276.221754
164.000000 1276.221754
165.000000 1276.221754
166.000000 1381.737619
167.000000 1381.737619
168.000000 1381.737619
169.000000 1381.737619
170.000000 1371.503608
171.000000 1327.018428
172.000000 1264.005532
173.000000 1188.032625
174.000000 1103.065493
175.000000 1013.278044
176.000000 924.076613
177.000000 844.637766
178.000000 809.561862
179.000000 809.561862
180.000000 809.561862
181.000000 809.561862
182.000000 809.561862
183.000000 844.637766
184.000000 924.076613
185.000000 1013.278044
186.000000 1103.065493
187.000000 1188.032625
188.000000 1264.005532
189.000000 1327.018428
190.000000 1371.503608
191.000000 1381.737619
192.000000 1381.737619
193.000000 1381.737619
194.000000 1381.737619
195.000000 1381.737619
196.000000 1475.262466
197.000000 1475.262466
198.000000 1475.262466
199.000000 1475.262466
200.000000 1475.262466
201.000000 1475.262466
202.000000 1475.262466
203.000000 1475.262466
204.000000 1475.262466
205.000000 1475.262466
206.000000 1475.262466
207.000000 1475.262466
208.000000 1475.262466
209.000000 1475.262466
210.000000 1475.262466
211.000000 1475.262466
212.000000 1475.262466
213.000000 1475.262466
214.000000 1475.262466
215.000000 1475.262466
216.000000 1475.262466
217.000000 1475.262466
218.000000 1475.262466
219.000000 1475.262466
220.000000 1466.825205
221.000000 1417.458316
222.000000 1345.668059
223.000000 1259.480638
224.000000 1166.116513
225.000000 1077.192785
226.000000 894.250979
227.000000 894.250979
228.000000 894.250979
229.000000 894.250979
230.000000 894.250979
231.000000 933.096588
232.000000 1022.753879
233.000000 1119.583810
234.000000 1211.014879
235.000000 1288.791650
236.000000 1343.776621
237.000000 1354.772233
238.000000 1354.772233
239.000000 1354.772233
240.000000 1354.772233
241.000000 1354.772233
242.000000 1354.772233
243.000000 1354.772233
244.000000 1354.772233
245.000000 1354.772233
246.000000 1354.772233
247.000000 1354.772233
248.000000 1354.772233
249.000000 1354.772233
250.000000 1354.772233
251.000000 1354.772233
252.000000 1354.772233
253.000000 1354.772233
254.000000 1354.772233
255.000000 1354.772233
256.000000 1264.275718
257.000000 1264.275718
258.000000 1264.275718
259.000000 1264.275718
260.000000 1264.275718
261.000000 1264.275718
262.000000 1264.275718
263.000000 1264.275718
264.000000 1264.275718
265.000000 1264.275718
266.000000 1254.636055
267.000000 1208.516202
268.000000 1143.090694
269.000000 1064.893290
270.000000 978.530988
271.000000 888.630855
272.000000 800.764102
273.000000 723.572350
274.000000 687.905289
275.000000 687.905289
276.000000 687.905289
277.000000 687.905289
278.000000 687.905289
279.000000 718.885300
280.000000 794.753937
281.000000 882.208308
282.000000 972.165871
283.000000 1058.940304
284.000000 1137.868383
285.000000 1204.378856
286.000000 1515.345257
287.000000 1525.435747
288.000000 1525.435747
289.000000 1525.435747
290.000000 1525.435747
291.000000 1525.435747
292.000000 1525.435747
293.000000 1525.435747
294.000000 1525.435747
295.000000 1525.435747
296.000000 1525.435747
297.000000 1525.435747
298.000000 1525.435747
299.000000 1525.435747
300.000000 1525.435747
301.000000 1525.435747
302.000000 1525.435747
303.000000 1525.435747
304.000000 1525.435747
305.000000 1525.435747
306.000000 1525.435747
307.000000 1525.435747
308.000000 1525.435747
309.000000 1525.435747
310.000000 1525.435747
311.000000 1497.717544
312.000000 1435.412293
313.000000 1354.698683
314.000000 1263.897399
315.000000 1175.808506
316.000000 1353.086075
317.000000 1353.086075
318.000000 1353.086075
319.000000 1353.086075
320.000000 1353.086075
321.000000 1392.657142
322.000000 1471.106647
323.000000 1548.899593
324.000000 1615.884108
325.000000 1665.904102
326.000000 1685.797265
327.000000 1685.797265
328.000000 1685.797265
329.000000 1684.376278
330.000000 1641.482999
331.000000 1573.585234
332.000000 1502.086871
333.000000 1484.845863
334.000000 1484.845863
335.000000 1484.845863
336.000000 1484.845863
337.000000 1485.026085
338.000000 1543.480442
339.000000 1579.488806
340.000000 1555.473264
341.000000 1556.296835
342.000000 1556.296835
343.000000 1550.988495
344.000000 1526.011113
345.000000 1542.939006
346.000000 923.295193
347.000000 916.357131
348.000000 908.861212
349.000000 911.804842
350.000000 937.997855
351.000000 918.512605
352.000000 895.281987
353.000000 825.677464
354.000000 740.279432
355.000000 629.439018
356.000000 501.814293
357.000000 378.588552
358.000000 324.873705
359.000000 324.873705
