0.000000 37450.129446
1.000000 37450.129446
2.000000 37450.129446
3.000000 42576.017988
4.000000 52592.391381
5.000000 61601.518401
6.000000 69001.766981
7.000000 74990.463347
8.000000 79951.184204
9.000000 82714.117675
10.000000 84587.491788
11.000000 84319.667231
12.000000 82475.189851
13.000000 82788.496149
14.000000 82796.976300
15.000000 82768.241070
16.000000 59618.672424
17.000000 58210.145285
18.000000 59268.548659
19.000000 59391.719014
20.000000 59058.674000
21.000000 58922.782075
22.000000 60913.466610
23.000000 62157.610914
24.000000 58444.700997
25.000000 53380.389297
26.000000 52207.945782
27.000000 52270.124026
28.000000 52281.640508
29.000000 52241.242361
30.000000 52065.967078
31.000000 56330.842998
32.000000 60596.341798
33.000000 61047.528400
34.000000 61425.236320
35.000000 61479.808737
36.000000 61554.362718
37.000000 61033.067162
38.000000 61251.070133
39.000000 63553.791548
40.000000 64630.343313
41.000000 62653.298179
42.000000 59515.465720
43.000000 54680.703170
44.000000 48703.700834
45.000000 42067.773645
46.000000 34365.058142
47.000000 34367.091961
48.000000 34367.091961
49.000000 34367.091961
50.000000 34366.896075
51.000000 37119.733609
52.000000 43389.176785
53.000000 49261.405537
54.000000 54211.630344
55.000000 57508.318519
56.000000 59797.687549
57.000000 59183.476996
58.000000 57010.330483
59.000000 56580.620129
60.000000 56986.221909
61.000000 57070.608168
62.000000 56985.898316
63.000000 56559.285907
64.000000 56381.379203
65.000000 52668.574133
66.000000 48362.867659
67.000000 48358.768390
68.000000 48381.045991
69.000000 48379.833911
70.000000 48352.479805
71.000000 49011.792293
72.000000 53608.777774
73.000000 57552.706845
74.000000 57083.211844
75.000000 55071.022959
76.000000 60869.767494
77.000000 61198.626138
78.000000 61117.663562
79.000000 60306.347688
80.000000 61215.072070
81.000000 63790.420715
82.000000 64258.485126
83.000000 64157.642952
84.000000 63952.755244
85.000000 65439.319032
86.000000 65987.567885
87.000000 64009.538927
88.000000 61183.352446
89.000000 56403.033751
90.000000 50895.603303
91.000000 44452.329248
92.000000 37136.600578
93.000000 29675.781298
94.000000 25827.849531
95.000000 25827.849531
96.000000 25827.849531
97.000000 25827.849531
98.000000 25827.849531
99.000000 28860.831092
100.000000 36209.761278
101.000000 43601.855911
102.000000 50162.112663
103.000000 55737.229221
104.000000 60568.726682
105.000000 63732.616636
106.000000 91682.226665
107.000000 90655.784057
108.000000 90301.945482
109.000000 90381.948282
110.000000 89935.871726
111.000000 87658.290777
112.000000 86567.857978
113.000000 87554.372008
114.000000 87689.236765
115.000000 87469.993267
116.000000 87248.528319
117.000000 87913.799673
118.000000 85199.231443
119.000000 80885.582375
120.000000 81047.283734
121.000000 81111.181411
122.000000 81097.863259
123.000000 80941.088664
124.000000 82119.383077
125.000000 85846.613072
126.000000 88247.956763
127.000000 89482.173603
128.000000 89255.608589
129.000000 89177.499663
130.000000 89016.623742
131.000000 90085.159750
132.000000 88238.558473
133.000000 83453.987168
134.000000 77593.997410
135.000000 70138.124497
136.000000 73640.126138
137.000000 73650.898065
138.000000 73650.974856
139.000000 73650.063303
140.000000 73634.938099
141.000000 77776.100622
142.000000 85227.031113
143.000000 90967.100762
144.000000 95592.795959
145.000000 97316.418239
146.000000 96093.806636
147.000000 96266.890946
148.000000 96320.882294
149.000000 96539.703364
150.000000 95339.251709
151.000000 92983.366423
152.000000 89173.297193
153.000000 87832.744654
154.000000 88025.673201
155.000000 88047.926574
156.000000 87956.384755
157.000000 87708.363520
158.000000 92116.340635
159.000000 94850.718339
160.000000 93855.990380
161.000000 94085.426359
162.000000 94325.718962
163.000000 94226.050465
164.000000 93050.435771
165.000000 94119.892574
166.000000 103696.588142
167.000000 103982.879618
168.000000 103926.873080
169.000000 104201.355500
170.000000 105324.132720
171.000000 103708.212832
172.000000 101054.050271
173.000000 96508.450787
174.000000 90825.262826
175.000000 83427.205176
176.000000 73926.043457
177.000000 62539.282195
178.000000 56258.416690
179.000000 56258.416690
180.000000 56258.416690
181.000000 56258.416690
182.000000 56258.416690
183.000000 62503.143803
184.000000 73894.943550
185.000000 83407.004851
186.000000 90799.862074
187.000000 96544.556594
188.000000 101157.793980
189.000000 103670.411254
190.000000 105347.127794
191.000000 105106.717914
192.000000 103427.863190
193.000000 103713.236862
194.000000 103721.361780
195.000000 103702.466290
196.000000 107833.145667
197.000000 106533.642425
198.000000 107510.329639
199.000000 107622.343160
200.000000 107318.172049
201.000000 107194.008805
202.000000 109006.893311
203.000000 110117.879635
204.000000 106795.988153
205.000000 101934.057268
206.000000 100744.877083
207.000000 100805.889172
208.000000 100817.002150
209.000000 100777.732784
210.000000 100601.983079
211.000000 104814.936996
212.000000 108746.477007
213.000000 109121.580746
214.000000 109415.382570
215.000000 109464.320282
216.000000 109529.924937
217.000000 109061.375929
218.000000 109258.535638
219.000000 111287.384593
220.000000 112195.208640
221.000000 110543.983002
222.000000 107801.861994
223.000000 103304.582367
224.000000 97240.504656
225.000000 89678.777854
226.000000 75778.459531
227.000000 75780.993486
228.000000 75780.993486
229.000000 75780.993486
230.000000 75780.756644
231.000000 79592.919814
232.000000 87422.456544
233.000000 93955.563782
234.000000 98999.324668
235.000000 102161.475175
236.000000 104248.601952
237.000000 103656.395959
238.000000 101602.084236
239.000000 101186.798887
240.000000 101580.392473
241.000000 101663.590218
242.000000 101582.719565
243.000000 101192.490002
244.000000 101057.299764
245.000000 97389.967908
246.000000 92854.942206
247.000000 92846.883331
248.000000 92869.880074
249.000000 92868.641245
250.000000 92840.457088
251.000000 93565.693618
252.000000 98349.695445
253.000000 102183.427332
254.000000 101717.642778
255.000000 99750.229642
256.000000 93547.726401
257.000000 93868.551450
258.000000 93788.904529
259.000000 92985.410922
260.000000 93892.481135
261.000000 96399.691317
262.000000 96831.351143
263.000000 96731.766816
264.000000 96533.837595
265.000000 97951.954765
266.000000 98457.175190
267.000000 96622.179248
268.000000 93932.755716
269.000000 89196.222113
270.000000 83447.172296
271.000000 76261.462376
272.000000 67352.141174
273.000000 57137.585985
274.000000 51223.773620
275.000000 51223.773620
276.000000 51223.773620
277.000000 51223.773620
278.000000 51223.773620
279.000000 55926.921583
280.000000 66150.168516
281.000000 75269.269234
282.000000 82655.103284
283.000000 88518.768187
284.000000 93335.713763
285.000000 96365.390675
286.000000 115792.337091
287.000000 114930.686123
288.000000 114631.952291
289.000000 114699.967050
290.000000 114333.302246
291.000000 112390.083017
292.000000 111446.418868
293.000000 112297.450454
294.000000 112413.819234
295.000000 112226.579435
296.000000 112042.421924
297.000000 112624.267817
298.000000 110278.814244
299.000000 106456.102899
300.000000 106598.928414
301.000000 106655.365872
302.000000 106643.682937
303.000000 106504.582926
304.000000 107558.594511
305.000000 110836.860222
306.000000 112893.218481
307.000000 113932.928649
308.000000 113743.614837
309.000000 113676.418583
310.000000 113539.463209
311.000000 114467.408485
312.000000 112921.865270
313.000000 108784.522793
314.000000 103525.045075
315.000000 96500.294701
316.000000 105808.376038
317.000000 105817.682001
318.000000 105817.746879
319.000000 105816.973216
320.000000 105803.643623
321.000000 109537.830764
322.000000 115911.572393
323.000000 120548.614285
324.000000 124126.331911
325.000000 125413.985080
326.000000 124480.126331
327.000000 124612.656542
328.000000 124654.148834
329.000000 124827.631860
330.000000 123932.055252
331.000000 122114.247000
332.000000 119088.890992
333.000000 118000.794130
334.000000 118156.673337
335.000000 118174.459759
336.000000 118100.852825
337.000000 117899.787223
338.000000 121430.304936
339.000000 123554.078085
340.000000 122774.148575
341.000000 122950.450856
342.000000 123136.686304
343.000000 123059.438113
344.000000 122143.899989
345.000000 122977.524367
346.000000 82761.747263
347.000000 83083.493189
348.000000 83021.887253
349.000000 83322.303277
350.000000 84556.158307
351.000000 82752.031317
352.000000 79835.853693
353.000000 74950.902828
354.000000 69027.635148
355.000000 61621.053396
356.000000 52620.571803
357.000000 42605.691630
358.000000 37450.129446
359.000000 37450.129446
