0.000000 346.437123
1.000000 346.437123
2.000000 346.437123
3.000000 433.797873
4.000000 591.750859
5.000000 723.592292
6.000000 825.008609
7.000000 901.716841
8.000000 961.180266
9.000000 975.869526
10.000000 988.807827
11.000000 986.881325
12.000000 944.246271
13.000000 955.382000
14.000000 951.517328
15.000000 961.224427
16.000000 656.003053
17.000000 628.319148
18.000000 655.321713
19.000000 657.118162
20.000000 646.277041
21.000000 641.550632
22.000000 681.784600
23.000000 713.868101
24.000000 658.370319
25.000000 561.521181
26.000000 540.001358
27.000000 543.454774
28.000000 543.981902
29.000000 540.934509
30.000000 533.293305
31.000000 621.474770
32.000000 689.134442
33.000000 669.957625
34.000000 669.046973
35.000000 670.467643
36.000000 674.064751
37.000000 656.710279
38.000000 662.155418
39.000000 708.012377
40.000000 718.953803
41.000000 705.941817
42.000000 683.224757
43.000000 616.576183
44.000000 524.268434
45.000000 407.841758
46.000000 294.200573
47.000000 294.343527
48.000000 294.343527
49.000000 294.343527
50.000000 294.343527
51.000000 352.478697
52.000000 465.458262
53.000000 556.702428
54.000000 626.668961
55.000000 652.730577
56.000000 668.528040
57.000000 663.541829
58.000000 617.557252
59.000000 607.208097
60.000000 620.844650
61.000000 620.246954
62.000000 615.911964
63.000000 616.946699
64.000000 643.008392
65.000000 579.697877
66.000000 488.701461
67.000000 492.723186
68.000000 492.943923
69.000000 492.943923
70.000000 492.714009
71.000000 505.339203
72.000000 599.960770
73.000000 667.226794
74.000000 641.956846
75.000000 589.092535
76.000000 661.066208
77.000000 674.898271
78.000000 673.710174
79.000000 652.522660
80.000000 676.921292
81.000000 732.076473
82.000000 724.140607
83.000000 717.826088
84.000000 706.098169
85.000000 740.806367
86.000000 754.960441
87.000000 746.457266
88.000000 735.241848
89.000000 673.611148
90.000000 599.396542
91.000000 503.126844
92.000000 391.135520
93.000000 270.547782
94.000000 207.355748
95.000000 207.355748
96.000000 207.355748
97.000000 207.355748
98.000000 207.355748
99.000000 260.985852
100.000000 380.715156
101.000000 493.731265
102.000000 591.077192
103.000000 665.237862
104.000000 726.674252
105.000000 746.786118
106.000000 1084.014188
107.000000 1051.459954
108.000000 1047.667227
109.000000 1054.347247
110.000000 1059.787522
111.000000 1019.995508
112.000000 1001.387469
113.000000 1029.222942
114.000000 1035.265780
115.000000 1035.265780
116.000000 1034.299801
117.000000 1061.515842
118.000000 1020.290662
119.000000 956.297024
120.000000 956.190458
121.000000 956.190458
122.000000 956.190458
123.000000 956.190458
124.000000 975.359799
125.000000 1055.173537
126.000000 1133.984442
127.000000 1185.525358
128.000000 1187.150505
129.000000 1187.150505
130.000000 1187.150505
131.000000 1164.358707
132.000000 1105.624668
133.000000 1029.417461
134.000000 944.106618
135.000000 860.766083
136.000000 918.409640
137.000000 918.409640
138.000000 918.409640
139.000000 918.409640
140.000000 918.409640
141.000000 951.711700
142.000000 1032.034938
143.000000 1115.688817
144.000000 1190.959457
145.000000 1250.073631
146.000000 1277.784380
147.000000 1277.784380
148.000000 1277.784380
149.000000 1277.784380
150.000000 1277.784380
151.000000 1277.784380
152.000000 1277.784380
153.000000 1277.784380
154.000000 1277.784380
155.000000 1277.784380
156.000000 1277.784380
157.000000 1277.784380
158.000000 1277.784380
159.000000 1277.784380
160.000000 1277.784380
161.000000 1277.784380
162.000000 1277.784380
163.000000 1277.784380
164.000000 1277.784380
165.000000 1277.784380
166.000000 1364.399620
167.000000 1364.399620
168.000000 1364.399620
169.000000 1364.399620
170.000000 1356.224444
171.000000 1320.606532
172.000000 1269.844261
173.000000 1207.964519
174.000000 1137.571124
175.000000 1061.393115
176.000000 983.366083
177.000000 911.390405
178.000000 878.713988
179.000000 878.713988
180.000000 878.713988
181.000000 878.713988
182.000000 878.713988
183.000000 911.390405
184.000000 983.366083
185.000000 1061.393115
186.000000 1137.571124
187.000000 1207.964519
188.000000 1269.844261
189.000000 1320.606532
190.000000 1356.224444
191.000000 1364.399620
192.000000 1364.399620
193.000000 1364.399620
194.000000 1364.399620
195.000000 1364.399620
196.000000 1440.555464
197.000000 1440.555464
198.000000 1440.555464
199.000000 1440.555464
200.000000 1440.555464
201.000000 1440.555464
202.000000 1440.555464
203.000000 1440.555464
204.000000 1440.555464
205.000000 1440.555464
206.000000 1440.555464
207.000000 1440.555464
208.000000 1440.555464
209.000000 1440.555464
210.000000 1440.555464
211.000000 1440.555464
212.000000 1440.555464
213.000000 1440.555464
214.000000 1440.555464
215.000000 1440.555464
216.000000 1440.555464
217.000000 1440.555464
218.000000 1440.555464
219.000000 1440.555464
220.000000 1433.769823
221.000000 1394.049521
222.000000 1336.108395
223.000000 1265.971582
224.000000 1188.865135
225.000000 1113.892462
226.000000 957.327593
227.000000 957.327593
228.000000 957.327593
229.000000 957.327593
230.000000 957.327593
231.000000 991.951124
232.000000 1069.861423
233.000000 1151.445903
234.000000 1226.623079
235.000000 1289.526702
236.000000 1333.581756
237.000000 1342.360891
238.000000 1342.360891
239.000000 1342.360891
240.000000 1342.360891
241.000000 1342.360891
242.000000 1342.360891
243.000000 1342.360891
244.000000 1342.360891
245.000000 1342.360891
246.000000 1342.360891
247.000000 1342.360891
248.000000 1342.360891
249.000000 1342.360891
250.000000 1342.360891
251.000000 1342.360891
252.000000 1342.360891
253.000000 1342.360891
254.000000 1342.360891
255.000000 1342.360891
256.000000 1267.901748
257.000000 1267.901748
258.000000 1267.901748
259.000000 1267.901748
260.000000 1267.901748
261.000000 1267.901748
262.000000 1267.901748
263.000000 1267.901748
264.000000 1267.901748
265.000000 1267.901748
266.000000 1260.187407
267.000000 1223.109827
268.000000 1169.941074
269.000000 1105.288550
270.000000 1032.108188
271.000000 953.404322
272.000000 873.301942
273.000000 799.632030
274.000000 764.321729
275.000000 764.321729
276.000000 764.321729
277.000000 764.321729
278.000000 764.321729
279.000000 795.041653
280.000000 867.686944
281.000000 947.665293
282.000000 1026.627835
283.000000 1100.309019
284.000000 1165.663766
285.000000 1219.768706
286.000000 1473.196241
287.000000 1481.369611
288.000000 1481.369611
289.000000 1481.369611
290.000000 1481.369611
291.000000 1481.369611
292.000000 1481.369611
293.000000 1481.369611
294.000000 1481.369611
295.000000 1481.369611
296.000000 1481.369611
297.000000 1481.369611
298.000000 1481.369611
299.000000 1481.369611
300.000000 1481.369611
301.000000 1481.369611
302.000000 1481.369611
303.000000 1481.369611
304.000000 1481.369611
305.000000 1481.369611
306.000000 1481.369611
307.000000 1481.369611
308.000000 1481.369611
309.000000 1481.369611
310.000000 1481.369611
311.000000 1458.924926
312.000000 1408.499020
313.000000 1342.994456
314.000000 1268.673719
315.000000 1195.529137
316.000000 1335.597877
317.000000 1335.597877
318.000000 1335.597877
319.000000 1335.597877
320.000000 1335.597877
321.000000 1368.604480
322.000000 1433.788808
323.000000 1498.365650
324.000000 1554.206887
325.000000 1596.237770
326.000000 1613.072168
327.000000 1613.072168
328.000000 1613.072168
329.000000 1611.866992
330.000000 1575.670309
331.000000 1518.903042
332.000000 1459.493965
333.000000 1445.188624
334.000000 1445.188624
335.000000 1445.188624
336.000000 1445.188624
337.000000 1445.338155
338.000000 1493.861759
339.000000 1523.820671
340.000000 1503.831081
341.000000 1504.515975
342.000000 1504.515975
343.000000 1500.102140
344.000000 1479.351375
345.000000 1493.411844
346.000000 980.816645
347.000000 974.817683
348.000000 968.316661
349.000000 970.872066
350.000000 993.634292
351.000000 977.709611
352.000000 958.917721
353.000000 899.960419
354.000000 825.468791
355.000000 723.339260
356.000000 591.680206
357.000000 433.797873
358.000000 346.437123
359.000000 346.437123
