0.000000 261.805656
1.000000 261.777639
2.000000 261.693582
3.000000 287.413267
4.000000 339.667397
5.000000 395.810922
6.000000 450.792650
7.000000 500.704461
8.000000 545.138264
9.000000 557.595121
10.000000 569.237589
11.000000 563.312616
12.000000 528.751103
13.000000 538.708067
14.000000 535.673390
15.000000 544.745796
16.000000 508.646045
17.000000 488.120937
18.000000 508.797157
19.000000 513.514918
20.000000 505.428098
21.000000 501.732532
22.000000 541.992162
23.000000 570.692272
24.000000 517.130440
25.000000 447.375291
26.000000 437.327785
27.000000 437.806010
28.000000 437.820269
29.000000 437.763829
30.000000 437.698978
31.000000 500.831433
32.000000 565.800617
33.000000 552.203800
34.000000 548.392750
35.000000 548.446839
36.000000 548.447917
37.000000 548.395983
38.000000 554.186216
39.000000 622.408781
40.000000 681.778723
41.000000 632.902800
42.000000 566.056815
43.000000 495.372000
44.000000 424.173991
45.000000 360.080946
46.000000 331.495216
47.000000 331.592767
48.000000 331.626741
49.000000 331.597142
50.000000 331.503967
51.000000 356.160233
52.000000 419.402439
53.000000 491.111855
54.000000 561.832848
55.000000 629.193914
56.000000 681.037422
57.000000 692.337533
58.000000 692.337533
59.000000 692.337533
60.000000 692.337533
61.000000 692.337533
62.000000 692.337533
63.000000 661.304228
64.000000 589.518274
65.000000 512.670861
66.000000 456.506804
67.000000 455.136570
68.000000 455.194138
69.000000 455.185990
70.000000 455.112120
71.000000 465.974167
72.000000 531.001419
73.000000 608.678893
74.000000 675.286395
75.000000 692.337533
76.000000 692.337533
77.000000 692.337533
78.000000 692.337533
79.000000 692.337533
80.000000 692.337533
81.000000 692.337533
82.000000 692.337533
83.000000 692.337533
84.000000 692.337533
85.000000 692.337533
86.000000 683.253670
87.000000 641.362001
88.000000 585.211855
89.000000 523.393332
90.000000 461.992596
91.000000 401.339746
92.000000 343.491890
93.000000 296.449741
94.000000 276.097122
95.000000 276.178192
96.000000 276.206801
97.000000 276.182948
98.000000 276.106634
99.000000 293.073545
100.000000 338.666493
101.000000 395.809247
102.000000 456.374091
103.000000 517.584481
104.000000 579.601510
105.000000 636.584519
106.000000 680.322420
107.000000 692.337533
108.000000 692.337533
109.000000 692.337533
110.000000 692.337533
111.000000 692.337533
112.000000 692.337533
113.000000 692.337533
114.000000 692.337533
115.000000 692.337533
116.000000 692.337533
117.000000 692.337533
118.000000 692.337533
119.000000 692.337533
120.000000 692.337533
121.000000 692.337533
122.000000 692.337533
123.000000 692.337533
124.000000 692.337533
125.000000 692.337533
126.000000 692.337533
127.000000 692.337533
128.000000 692.337533
129.000000 692.337533
130.000000 692.337533
131.000000 692.337533
132.000000 692.337533
133.000000 692.337533
134.000000 692.337533
135.000000 692.337533
136.000000 692.337533
137.000000 692.337533
138.000000 692.337533
139.000000 692.337533
140.000000 692.337533
141.000000 692.337533
142.000000 692.337533
143.000000 692.337533
144.000000 692.337533
145.000000 692.337533
146.000000 692.337533
147.000000 692.337533
148.000000 692.337533
149.000000 692.337533
150.000000 692.337533
151.000000 692.337533
152.000000 692.337533
153.000000 692.337533
154.000000 692.337533
155.000000 692.337533
156.000000 692.337533
157.000000 692.337533
158.000000 692.337533
159.000000 692.337533
160.000000 692.337533
161.000000 692.337533
162.000000 692.337533
163.000000 692.337533
164.000000 692.337533
165.000000 692.337533
166.000000 692.337533
167.000000 692.337533
168.000000 692.337533
169.000000 692.337533
170.000000 692.337533
171.000000 692.337533
172.000000 692.337533
173.000000 692.337533
174.000000 692.337533
175.000000 692.337533
176.000000 692.337533
177.000000 692.337533
178.000000 692.337533
179.000000 692.337533
180.000000 692.337533
181.000000 692.337533
182.000000 692.337533
183.000000 692.337533
184.000000 692.337533
185.000000 692.337533
186.000000 692.337533
187.000000 692.337533
188.000000 692.337533
189.000000 692.337533
190.000000 692.337533
191.000000 692.337533
192.000000 692.337533
193.000000 692.337533
194.000000 692.337533
195.000000 692.337533
196.000000 692.337533
197.000000 692.337533
198.000000 692.337533
199.000000 692.337533
200.000000 692.337533
201.000000 692.337533
202.000000 692.337533
203.000000 692.337533
204.000000 692.337533
205.000000 692.337533
206.000000 692.337533
207.000000 692.337533
208.000000 692.337533
209.000000 692.337533
210.000000 692.337533
211.000000 692.337533
212.000000 692.337533
213.000000 692.337533
214.000000 692.337533
215.000000 692.337533
216.000000 692.337533
217.000000 692.337533
218.000000 692.337533
219.000000 692.337533
220.000000 692.337533
221.000000 692.337533
222.000000 692.337533
223.000000 692.337533
224.000000 692.337533
225.000000 692.337533
226.000000 692.337533
227.000000 692.337533
228.000000 692.337533
229.000000 692.337533
230.000000 692.337533
231.000000 692.337533
232.000000 692.337533
233.000000 692.337533
234.000000 692.337533
235.000000 692.337533
236.000000 692.337533
237.000000 692.337533
238.000000 692.337533
239.000000 692.337533
240.000000 692.337533
241.000000 692.337533
242.000000 692.337533
243.000000 692.337533
244.000000 692.337533
245.000000 692.337533
246.000000 692.337533
247.000000 692.337533
248.000000 692.337533
249.000000 692.337533
250.000000 692.337533
251.000000 692.337533
252.000000 692.337533
253.000000 692.337533
254.000000 692.337533
255.000000 692.337533
256.000000 692.337533
257.000000 692.337533
258.000000 692.337533
259.000000 692.337533
260.000000 692.337533
261.000000 692.337533
262.000000 692.337533
263.000000 692.337533
264.000000 692.337533
265.000000 692.337533
266.000000 683.356566
267.000000 641.483467
268.000000 585.295727
269.000000 523.430421
270.000000 461.989483
271.000000 401.461908
272.000000 342.777309
273.000000 289.459517
274.000000 264.224682
275.000000 264.309290
276.000000 264.338655
277.000000 264.312782
278.000000 264.231666
279.000000 286.738976
280.000000 338.943420
281.000000 397.135844
282.000000 457.672821
283.000000 518.966090
284.000000 574.221717
285.000000 594.426421
286.000000 605.090149
287.000000 568.063296
288.000000 557.193458
289.000000 557.203158
290.000000 561.989067
291.000000 525.639358
292.000000 510.201952
293.000000 534.505823
294.000000 534.870806
295.000000 525.451988
296.000000 524.255060
297.000000 545.009246
298.000000 507.869882
299.000000 449.531971
300.000000 456.190661
301.000000 457.601251
302.000000 457.418421
303.000000 451.508695
304.000000 469.178933
305.000000 515.780380
306.000000 541.605392
307.000000 551.054336
308.000000 544.445311
309.000000 543.768570
310.000000 535.242309
311.000000 569.098944
312.000000 558.863638
313.000000 503.741098
314.000000 446.197686
315.000000 377.569751
316.000000 344.873131
317.000000 344.974497
318.000000 345.006887
319.000000 344.970306
320.000000 344.450608
321.000000 380.075210
322.000000 448.752819
323.000000 504.188618
324.000000 553.833151
325.000000 557.260967
326.000000 525.544345
327.000000 532.926442
328.000000 531.704919
329.000000 537.713637
330.000000 526.453322
331.000000 506.734420
332.000000 459.644993
333.000000 443.308123
334.000000 448.808535
335.000000 449.876892
336.000000 446.879017
337.000000 441.268925
338.000000 502.192277
339.000000 533.693857
340.000000 506.135218
341.000000 510.825981
342.000000 516.348372
343.000000 516.122422
344.000000 492.494280
345.000000 513.031542
346.000000 546.663359
347.000000 542.835809
348.000000 542.618757
349.000000 547.619875
350.000000 570.627861
351.000000 560.591311
352.000000 543.742851
353.000000 499.831572
354.000000 451.273924
355.000000 395.813452
356.000000 339.605396
357.000000 287.413267
358.000000 261.693582
359.000000 261.777639
