0.000000 38114.091188
1.000000 38114.091188
2.000000 38114.091188
3.000000 41740.567278
4.000000 49847.534106
5.000000 57085.348908
6.000000 63986.438598
7.000000 69806.248235
8.000000 74664.233800
9.000000 77458.271416
10.000000 79494.169055
11.000000 79231.335816
12.000000 77406.088021
13.000000 77712.776438
14.000000 77721.212003
15.000000 77647.059580
16.000000 55440.479373
17.000000 54316.133288
18.000000 55162.569773
19.000000 55260.773041
20.000000 54994.793890
21.000000 54886.041675
22.000000 56454.466161
23.000000 57406.605210
24.000000 54382.408163
25.000000 50305.727661
26.000000 49345.850701
27.000000 49397.396098
28.000000 49406.941969
29.000000 49373.441513
30.000000 49228.052236
31.000000 52693.725241
32.000000 56088.453026
33.000000 56612.255986
34.000000 57002.757702
35.000000 57046.149650
36.000000 57105.491705
37.000000 56690.831687
38.000000 56864.077317
39.000000 58761.920203
40.000000 59730.571233
41.000000 57869.032608
42.000000 55103.917057
43.000000 51254.874833
44.000000 46382.069824
45.000000 41159.542871
46.000000 35343.349537
47.000000 35344.944242
48.000000 35344.944242
49.000000 35344.944242
50.000000 35344.790726
51.000000 37363.689169
52.000000 41768.567332
53.000000 46690.048783
54.000000 50699.725429
55.000000 53321.798627
56.000000 55316.097856
57.000000 54816.633960
58.000000 53082.548446
59.000000 52736.868987
60.000000 53064.034643
61.000000 53131.753637
62.000000 53063.517359
63.000000 52653.507073
64.000000 52491.052943
65.000000 49502.791263
66.000000 45942.022031
67.000000 45939.915343
68.000000 45958.867345
69.000000 45957.836481
70.000000 45934.560817
71.000000 46487.362777
72.000000 50265.338357
73.000000 53424.117297
74.000000 53084.674952
75.000000 51491.856129
76.000000 56575.353786
77.000000 56837.169276
78.000000 56772.766594
79.000000 56126.466718
80.000000 56849.285135
81.000000 58978.187053
82.000000 59441.144277
83.000000 59363.748717
84.000000 59201.687287
85.000000 60478.587978
86.000000 60985.060070
87.000000 59086.532776
88.000000 56376.645031
89.000000 52528.973625
90.000000 48111.402111
91.000000 42793.609257
92.000000 37285.988995
93.000000 31805.929807
94.000000 28741.284541
95.000000 28741.284541
96.000000 28741.284541
97.000000 28741.284541
98.000000 28741.284541
99.000000 31153.040063
100.000000 36634.595335
101.000000 42074.179905
102.000000 47515.539970
103.000000 51999.171314
104.000000 55833.217749
105.000000 58815.107480
106.000000 87250.817475
107.000000 86117.210171
108.000000 85725.522663
109.000000 85813.606049
110.000000 85304.400662
111.000000 82902.438848
112.000000 81808.945026
113.000000 82783.287439
114.000000 82916.983421
115.000000 82700.101270
116.000000 82458.684923
117.000000 83071.485416
118.000000 80282.374168
119.000000 76051.325681
120.000000 76208.654283
121.000000 76270.873522
122.000000 76257.907304
123.000000 76105.284185
124.000000 77256.195963
125.000000 80937.710330
126.000000 83464.572951
127.000000 84823.246667
128.000000 84588.992467
129.000000 84509.323651
130.000000 84349.765224
131.000000 85455.615876
132.000000 83382.812709
133.000000 78385.009672
134.000000 72641.813710
135.000000 65400.347807
136.000000 69113.668637
137.000000 69124.135956
138.000000 69124.210576
139.000000 69123.324758
140.000000 69108.627245
141.000000 73131.105921
142.000000 80423.000856
143.000000 86510.155174
144.000000 91738.081241
145.000000 93740.264830
146.000000 92378.253886
147.000000 92572.573020
148.000000 92633.552546
149.000000 92878.705397
150.000000 91485.286243
151.000000 88810.695508
152.000000 84639.410874
153.000000 83272.350431
154.000000 83462.661683
155.000000 83484.616258
156.000000 83394.268488
157.000000 83150.495914
158.000000 87838.517103
159.000000 90915.832489
160.000000 89818.974842
161.000000 90083.540991
162.000000 90352.154479
163.000000 90240.156445
164.000000 88928.822629
165.000000 90123.152227
166.000000 101267.265590
167.000000 101607.725892
168.000000 101541.841957
169.000000 101866.572759
170.000000 103201.649991
171.000000 101292.574907
172.000000 98103.921591
173.000000 92796.595645
174.000000 86347.248064
175.000000 78478.121244
176.000000 69174.303129
177.000000 58806.229801
178.000000 53685.940700
179.000000 53685.940700
180.000000 53685.940700
181.000000 53685.940700
182.000000 53685.940700
183.000000 58777.585256
184.000000 69144.111744
185.000000 78458.184751
186.000000 86318.848162
187.000000 92837.879323
188.000000 98226.156559
189.000000 101248.048513
190.000000 103228.419509
191.000000 102945.063131
192.000000 100957.133273
193.000000 101290.394236
194.000000 101300.299401
195.000000 101275.379082
196.000000 106278.546431
197.000000 104726.087794
198.000000 105891.318848
199.000000 106025.802441
200.000000 105662.054343
201.000000 105514.198208
202.000000 107688.381356
203.000000 109004.359830
204.000000 105024.543342
205.000000 99288.050165
206.000000 97917.542395
207.000000 97986.874016
208.000000 97999.500825
209.000000 97954.897601
210.000000 97755.254458
211.000000 102656.413960
212.000000 107366.468700
213.000000 107825.866193
214.000000 108196.712430
215.000000 108255.872231
216.000000 108334.829608
217.000000 107769.104584
218.000000 108006.300579
219.000000 110437.745411
220.000000 111531.359734
221.000000 109506.788968
222.000000 106225.271313
223.000000 100833.782368
224.000000 93811.895721
225.000000 85570.106181
226.000000 71443.881664
227.000000 71446.344048
228.000000 71446.344048
229.000000 71446.344048
230.000000 71446.113906
231.000000 75151.500785
232.000000 82861.376029
233.000000 89945.035700
234.000000 95710.805490
235.000000 99437.938380
236.000000 101936.290703
237.000000 101225.188469
238.000000 98819.365624
239.000000 98340.357275
240.000000 98792.749258
241.000000 98889.040469
242.000000 98795.936412
243.000000 98335.806673
244.000000 98139.033782
245.000000 93909.084980
246.000000 88835.202741
247.000000 88820.041802
248.000000 88843.130377
249.000000 88841.896635
250.000000 88813.592465
251.000000 89614.409147
252.000000 95005.197842
253.000000 99461.853057
254.000000 98932.534176
255.000000 96663.662918
256.000000 89480.855813
257.000000 89837.616426
258.000000 89748.926588
259.000000 88855.981914
260.000000 89866.897355
261.000000 92695.895267
262.000000 93206.541120
263.000000 93094.759185
264.000000 92872.096006
265.000000 94485.613302
266.000000 95064.636398
267.000000 92911.515240
268.000000 89811.659499
269.000000 84477.409010
270.000000 78390.031165
271.000000 71346.745526
272.000000 62693.646305
273.000000 54268.134105
274.000000 49323.672716
275.000000 49323.672716
276.000000 49323.672716
277.000000 49323.672716
278.000000 49323.672716
279.000000 53268.950455
280.000000 61609.592763
281.000000 70381.199507
282.000000 77607.833698
283.000000 83723.783311
284.000000 89132.645013
285.000000 92611.993985
286.000000 116001.770435
287.000000 114960.905717
288.000000 114598.754353
289.000000 114680.272782
290.000000 114208.518234
291.000000 111870.913153
292.000000 110747.246774
293.000000 111758.361780
294.000000 111895.872974
295.000000 111675.795121
296.000000 111444.938034
297.000000 112098.094170
298.000000 109299.361127
299.000000 104719.980263
300.000000 104887.385641
301.000000 104953.810659
302.000000 104940.072279
303.000000 104776.524912
304.000000 106031.828155
305.000000 109965.709320
306.000000 112440.880064
307.000000 113734.683923
308.000000 113511.457442
309.000000 113431.333082
310.000000 113269.314822
311.000000 114346.935064
312.000000 112419.229987
313.000000 107458.640318
314.000000 101167.971904
315.000000 93092.228364
316.000000 104011.114197
317.000000 104021.829064
318.000000 104021.903754
319.000000 104021.013356
320.000000 104005.665555
321.000000 108418.893763
322.000000 116088.696952
323.000000 121949.296961
324.000000 126731.835863
325.000000 128246.478738
326.000000 126884.468059
327.000000 127059.315304
328.000000 127114.740133
329.000000 127350.106236
330.000000 126290.275299
331.000000 123930.738193
332.000000 120041.564239
333.000000 118687.198459
334.000000 118877.769581
335.000000 118899.521584
336.000000 118809.395458
337.000000 118563.794152
338.000000 123030.226505
339.000000 125844.776274
340.000000 124734.150603
341.000000 124945.530115
342.000000 125188.890661
343.000000 125086.773227
344.000000 123896.096710
345.000000 124982.847980
346.000000 77637.222437
347.000000 78002.108713
348.000000 77941.918432
349.000000 78237.470628
350.000000 79447.248127
351.000000 77495.692562
352.000000 74550.900555
353.000000 69767.737098
354.000000 64011.530404
355.000000 57100.770857
356.000000 49870.464181
357.000000 41760.484070
358.000000 38114.091188
359.000000 38114.091188
