0.000000 393.621963
1.000000 393.621963
2.000000 393.621963
3.000000 445.829568
4.000000 557.632313
5.000000 652.795983
6.000000 738.444301
7.000000 813.438841
8.000000 874.060779
9.000000 887.149573
10.000000 899.492168
11.000000 897.205509
12.000000 851.217484
13.000000 864.586924
14.000000 859.971588
15.000000 873.105312
16.000000 608.349592
17.000000 585.888199
18.000000 607.292284
19.000000 608.634612
20.000000 600.425049
21.000000 596.625392
22.000000 628.561024
23.000000 654.164617
24.000000 610.976970
25.000000 535.764685
26.000000 519.071917
27.000000 522.365292
28.000000 522.881827
29.000000 519.912057
30.000000 513.710024
31.000000 582.366698
32.000000 634.993101
33.000000 619.240892
34.000000 618.634928
35.000000 619.651443
36.000000 622.356254
37.000000 608.753784
38.000000 613.217520
39.000000 649.618431
40.000000 657.327307
41.000000 647.487637
42.000000 630.654506
43.000000 578.869353
44.000000 507.623879
45.000000 426.151738
46.000000 351.573855
47.000000 351.708400
48.000000 351.708400
49.000000 351.708400
50.000000 351.708400
51.000000 390.806829
52.000000 461.492741
53.000000 533.009513
54.000000 587.726007
55.000000 607.094491
56.000000 618.642925
57.000000 614.477041
58.000000 577.905718
59.000000 569.733411
60.000000 581.862540
61.000000 581.330723
62.000000 577.474292
63.000000 578.376614
64.000000 599.757708
65.000000 549.899979
66.000000 477.463216
67.000000 481.909611
68.000000 482.125202
69.000000 482.125202
70.000000 481.900648
71.000000 490.882822
72.000000 565.561460
73.000000 618.778052
74.000000 598.443780
75.000000 555.632407
76.000000 610.520794
77.000000 623.070959
78.000000 621.991364
79.000000 602.784473
80.000000 621.520813
81.000000 666.073466
82.000000 658.845564
83.000000 653.390333
84.000000 643.245688
85.000000 673.223133
86.000000 685.584944
87.000000 679.368984
88.000000 671.074227
89.000000 622.681466
90.000000 566.257815
91.000000 492.140678
92.000000 416.727057
93.000000 337.629015
94.000000 288.719643
95.000000 288.719643
96.000000 288.719643
97.000000 288.719643
98.000000 288.719643
99.000000 330.629303
100.000000 410.184555
101.000000 484.746101
102.000000 559.710024
103.000000 615.879816
104.000000 664.295711
105.000000 679.805306
106.000000 1020.206932
107.000000 1091.788539
108.000000 1090.544326
109.000000 1092.736499
110.000000 1094.524516
111.000000 1081.499768
112.000000 1075.447931
113.000000 1084.509511
114.000000 1086.483851
115.000000 1086.483851
116.000000 1086.168061
117.000000 1095.093066
118.000000 1081.595946
119.000000 1060.868516
120.000000 1060.834184
121.000000 1060.834184
122.000000 1060.834184
123.000000 1060.834184
124.000000 1067.018804
125.000000 1093.007913
126.000000 1119.183592
127.000000 1136.669502
128.000000 1137.226382
129.000000 1137.226382
130.000000 1137.226382
131.000000 1129.448395
132.000000 1109.693885
133.000000 1084.573024
134.000000 1056.944508
135.000000 1030.253095
136.000000 1118.594753
137.000000 1118.594753
138.000000 1118.594753
139.000000 1118.594753
140.000000 1118.594753
141.000000 1129.717909
142.000000 1156.786018
143.000000 1185.504686
144.000000 1211.995889
145.000000 1233.361645
146.000000 1243.579853
147.000000 1243.579853
148.000000 1243.579853
149.000000 1243.579853
150.000000 1243.579853
151.000000 1243.579853
152.000000 1243.579853
153.000000 1243.579853
154.000000 1243.579853
155.000000 1243.579853
156.000000 1243.579853
157.000000 1243.579853
158.000000 1243.579853
159.000000 1243.579853
160.000000 1243.579853
161.000000 1243.579853
162.000000 1243.579853
163.000000 1243.579853
164.000000 1243.579853
165.000000 1243.579853
166.000000 1347.219697
167.000000 1347.219697
168.000000 1347.219697
169.000000 1347.219697
170.000000 1344.071774
171.000000 1330.539072
172.000000 1311.717115
173.000000 1289.056400
174.000000 1263.061799
175.000000 1235.619908
176.000000 1208.061257
177.000000 1182.972343
178.000000 1171.647792
179.000000 1171.647792
180.000000 1171.647792
181.000000 1171.647792
182.000000 1171.647792
183.000000 1182.972343
184.000000 1208.061257
185.000000 1235.619908
186.000000 1263.061799
187.000000 1289.056400
188.000000 1311.717115
189.000000 1330.539072
190.000000 1344.071774
191.000000 1347.219697
192.000000 1347.219697
193.000000 1347.219697
194.000000 1347.219697
195.000000 1347.219697
196.000000 1440.740395
197.000000 1440.740395
198.000000 1440.740395
199.000000 1440.740395
200.000000 1440.740395
201.000000 1440.740395
202.000000 1440.740395
203.000000 1440.740395
204.000000 1440.740395
205.000000 1440.740395
206.000000 1440.740395
207.000000 1440.740395
208.000000 1440.740395
209.000000 1440.740395
210.000000 1440.740395
211.000000 1440.740395
212.000000 1440.740395
213.000000 1440.740395
214.000000 1440.740395
215.000000 1440.740395
216.000000 1440.740395
217.000000 1440.740395
218.000000 1440.740395
219.000000 1440.740395
220.000000 1437.871940
221.000000 1421.367124
222.000000 1398.075520
223.000000 1370.926517
224.000000 1342.145433
225.000000 1315.001306
226.000000 1181.807240
227.000000 1181.807240
228.000000 1181.807240
229.000000 1181.807240
230.000000 1181.807240
231.000000 1193.793036
232.000000 1221.065655
233.000000 1250.239450
234.000000 1277.878218
235.000000 1301.431553
236.000000 1317.735382
237.000000 1321.033902
238.000000 1321.033902
239.000000 1321.033902
240.000000 1321.033902
241.000000 1321.033902
242.000000 1321.033902
243.000000 1321.033902
244.000000 1321.033902
245.000000 1321.033902
246.000000 1321.033902
247.000000 1321.033902
248.000000 1321.033902
249.000000 1321.033902
250.000000 1321.033902
251.000000 1321.033902
252.000000 1321.033902
253.000000 1321.033902
254.000000 1321.033902
255.000000 1321.033902
256.000000 1231.762800
257.000000 1231.762800
258.000000 1231.762800
259.000000 1231.762800
260.000000 1231.762800
261.000000 1231.762800
262.000000 1231.762800
263.000000 1231.762800
264.000000 1231.762800
265.000000 1231.762800
266.000000 1228.930690
267.000000 1215.462706
268.000000 1196.524617
269.000000 1173.996481
270.000000 1149.020673
271.000000 1122.611305
272.000000 1096.031655
273.000000 1071.692286
274.000000 1060.016282
275.000000 1060.016282
276.000000 1060.016282
277.000000 1060.016282
278.000000 1060.016282
279.000000 1070.175489
280.000000 1094.175001
281.000000 1120.699124
282.000000 1147.168546
283.000000 1172.280990
284.000000 1195.018360
285.000000 1214.260207
286.000000 1489.460101
287.000000 1493.111985
288.000000 1493.111985
289.000000 1493.111985
290.000000 1493.111985
291.000000 1493.111985
292.000000 1493.111985
293.000000 1493.111985
294.000000 1493.111985
295.000000 1493.111985
296.000000 1493.111985
297.000000 1493.111985
298.000000 1493.111985
299.000000 1493.111985
300.000000 1493.111985
301.000000 1493.111985
302.000000 1493.111985
303.000000 1493.111985
304.000000 1493.111985
305.000000 1493.111985
306.000000 1493.111985
307.000000 1493.111985
308.000000 1493.111985
309.000000 1493.111985
310.000000 1493.111985
311.000000 1483.143154
312.000000 1461.382528
313.000000 1434.248058
314.000000 1404.731191
315.000000 1376.735561
316.000000 1540.513418
317.000000 1540.513418
318.000000 1540.513418
319.000000 1540.513418
320.000000 1540.513418
321.000000 1555.170775
322.000000 1585.079108
323.000000 1611.266501
324.000000 1631.959572
325.000000 1648.338129
326.000000 1655.121726
327.000000 1655.121726
328.000000 1655.121726
329.000000 1654.631503
330.000000 1640.228653
331.000000 1618.748559
332.000000 1597.274003
333.000000 1590.457003
334.000000 1590.457003
335.000000 1590.457003
336.000000 1590.457003
337.000000 1590.527860
338.000000 1609.644262
339.000000 1620.561493
340.000000 1613.243897
341.000000 1613.492383
342.000000 1613.492383
343.000000 1611.893708
344.000000 1604.461257
345.000000 1609.482566
346.000000 889.585035
347.000000 882.572738
348.000000 874.981362
349.000000 877.964415
350.000000 905.127071
351.000000 889.263795
352.000000 871.665827
353.000000 811.723896
354.000000 738.983147
355.000000 652.648680
356.000000 557.552048
357.000000 445.829568
358.000000 393.621963
359.000000 393.621963
