0.000000 5414698.041183
1.000000 5414015.180294
2.000000 5411966.618956
3.000000 5863153.504185
4.000000 6875036.675409
5.000000 7967739.202197
6.000000 9043939.479262
7.000000 10078707.409715
8.000000 11071381.458953
9.000000 12012534.574512
10.000000 12928523.766333
11.000000 13844994.794925
12.000000 14744988.965984
13.000000 15606090.329692
14.000000 16399968.100623
15.000000 17088116.192435
16.000000 17608290.028972
17.000000 17779818.992905
18.000000 17779818.992905
19.000000 17779818.992905
20.000000 17779818.992905
21.000000 17779818.992905
22.000000 17779818.992905
23.000000 17779818.992905
24.000000 17779818.992905
25.000000 17779818.992905
26.000000 17779818.992905
27.000000 17779818.992905
28.000000 17779818.992905
29.000000 17779818.992905
30.000000 17779818.992905
31.000000 17779818.992905
32.000000 17779818.992905
33.000000 17779818.992905
34.000000 17779818.992905
35.000000 17779818.992905
36.000000 17779818.992905
37.000000 17779818.992905
38.000000 17779818.992905
39.000000 17779818.992905
40.000000 17779818.992905
41.000000 17779818.992905
42.000000 17779818.992905
43.000000 17779818.992905
44.000000 17779818.992905
45.000000 17779818.992905
46.000000 17779818.992905
47.000000 17779818.992905
48.000000 17779818.992905
49.000000 17779818.992905
50.000000 17779818.992905
51.000000 17779818.992905
52.000000 17779818.992905
53.000000 17779818.992905
54.000000 17779818.992905
55.000000 17779818.992905
56.000000 17779818.992905
57.000000 17779818.992905
58.000000 17779818.992905
59.000000 17779818.992905
60.000000 17779818.992905
61.000000 17779818.992905
62.000000 17779818.992905
63.000000 17779818.992905
64.000000 17779818.992905
65.000000 17779818.992905
66.000000 17779818.992905
67.000000 17779818.992905
68.000000 17779818.992905
69.000000 17779818.992905
70.000000 17779818.992905
71.000000 17779818.992905
72.000000 17779818.992905
73.000000 17779818.992905
74.000000 17779818.992905
75.000000 17779818.992905
76.000000 17779818.992905
77.000000 17779818.992905
78.000000 17779818.992905
79.000000 17779818.992905
80.000000 17779818.992905
81.000000 17779818.992905
82.000000 17779818.992905
83.000000 17779818.992905
84.000000 17779818.992905
85.000000 17779818.992905
86.000000 17779818.992905
87.000000 17779818.992905
88.000000 17779818.992905
89.000000 17779818.992905
90.000000 17779818.992905
91.000000 17779818.992905
92.000000 17779818.992905
93.000000 17779818.992905
94.000000 17779818.992905
95.000000 17779818.992905
96.000000 17779818.992905
97.000000 17779818.992905
98.000000 17779818.992905
99.000000 17779818.992905
100.000000 17779818.992905
101.000000 17779818.992905
102.000000 17779818.992905
103.000000 17779818.992905
104.000000 17779818.992905
105.000000 17779818.992905
106.000000 17779818.992905
107.000000 17779818.992905
108.000000 17779818.992905
109.000000 17779818.992905
110.000000 17779818.992905
111.000000 17779818.992905
112.000000 17779818.992905
113.000000 17779818.992905
114.000000 17779818.992905
115.000000 17779818.992905
116.000000 17779818.992905
117.000000 17779818.992905
118.000000 17779818.992905
119.000000 17779818.992905
120.000000 17779818.992905
121.000000 17779818.992905
122.000000 17779818.992905
123.000000 17779818.992905
124.000000 17779818.992905
125.000000 17779818.992905
126.000000 17779818.992905
127.000000 17779818.992905
128.000000 17779818.992905
129.000000 17779818.992905
130.000000 17779818.992905
131.000000 17779818.992905
132.000000 17779818.992905
133.000000 17779818.992905
134.000000 17779818.992905
135.000000 17779818.992905
136.000000 17779818.992905
137.000000 17779818.992905
138.000000 17779818.992905
139.000000 17779818.992905
140.000000 17779818.992905
141.000000 17779818.992905
142.000000 17779818.992905
143.000000 17779818.992905
144.000000 17779818.992905
145.000000 17779818.992905
146.000000 17779818.992905
147.000000 17779818.992905
148.000000 17779818.992905
149.000000 17779818.992905
150.000000 17779818.992905
151.000000 17779818.992905
152.000000 17779818.992905
153.000000 17779818.992905
154.000000 17779818.992905
155.000000 17779818.992905
156.000000 17779818.992905
157.000000 17779818.992905
158.000000 17779818.992905
159.000000 17779818.992905
160.000000 17779818.992905
161.000000 17779818.992905
162.000000 17779818.992905
163.000000 17779818.992905
164.000000 17608290.028972
165.000000 17088116.192435
166.000000 16399968.100623
167.000000 15606090.329692
168.000000 14744988.965984
169.000000 13844994.794925
170.000000 12928523.766333
171.000000 12012534.574512
172.000000 11071381.458953
173.000000 10078707.409715
174.000000 9043939.479262
175.000000 7967739.202197
176.000000 6875036.675409
177.000000 5863153.504185
178.000000 5411966.618956
179.000000 5414015.180294
180.000000 5414698.041183
181.000000 5414015.180294
182.000000 5411966.618956
183.000000 5863153.504185
184.000000 6875036.675409
185.000000 7967739.202197
186.000000 9043939.479262
187.000000 10078707.409715
188.000000 11071381.458953
189.000000 12012534.574512
190.000000 12928523.766333
191.000000 13844994.794925
192.000000 14744988.965984
193.000000 15606090.329692
194.000000 16399968.100623
195.000000 17088116.192435
196.000000 17608290.028972
197.000000 17779818.992905
198.000000 17779818.992905
199.000000 17779818.992905
200.000000 17779818.992905
201.000000 17779818.992905
202.000000 17779818.992905
203.000000 17779818.992905
204.000000 17779818.992905
205.000000 17779818.992905
206.000000 17779818.992905
207.000000 17779818.992905
208.000000 17779818.992905
209.000000 17779818.992905
210.000000 17779818.992905
211.000000 17779818.992905
212.000000 17779818.992905
213.000000 17779818.992905
214.000000 17779818.992905
215.000000 17779818.992905
216.000000 17779818.992905
217.000000 17779818.992905
218.000000 17779818.992905
219.000000 17779818.992905
220.000000 17779818.992905
221.000000 17779818.992905
222.000000 17779818.992905
223.000000 17779818.992905
224.000000 17779818.992905
225.000000 17779818.992905
226.000000 17779818.992905
227.000000 17779818.992905
228.000000 17779818.992905
229.000000 17779818.992905
230.000000 17779818.992905
231.000000 17779818.992905
232.000000 17779818.992905
233.000000 17779818.992905
234.000000 17779818.992905
235.000000 17779818.992905
236.000000 17779818.992905
237.000000 17779818.992905
238.000000 17779818.992905
239.000000 17779818.992905
240.000000 17779818.992905
241.000000 17779818.992905
242.000000 17779818.992905
243.000000 17779818.992905
244.000000 17779818.992905
245.000000 17779818.992905
246.000000 17779818.992905
247.000000 17779818.992905
248.000000 17779818.992905
249.000000 17779818.992905
250.000000 17779818.992905
251.000000 17779818.992905
252.000000 17779818.992905
253.000000 17779818.992905
254.000000 17779818.992905
255.000000 17779818.992905
256.000000 17779818.992905
257.000000 17779818.992905
258.000000 17779818.992905
259.000000 17779818.992905
260.000000 17779818.992905
261.000000 17779818.992905
262.000000 17779818.992905
263.000000 17779818.992905
264.000000 17779818.992905
265.000000 17779818.992905
266.000000 17779818.992905
267.000000 17779818.992905
268.000000 17779818.992905
269.000000 17779818.992905
270.000000 17779818.992905
271.000000 17779818.992905
272.000000 17779818.992905
273.000000 17779818.992905
274.000000 17779818.992905
275.000000 17779818.992905
276.000000 17779818.992905
277.000000 17779818.992905
278.000000 17779818.992905
279.000000 17779818.992905
280.000000 17779818.992905
281.000000 17779818.992905
282.000000 17779818.992905
283.000000 17779818.992905
284.000000 17779818.992905
285.000000 17779818.992905
286.000000 17779818.992905
287.000000 17779818.992905
288.000000 17779818.992905
289.000000 17779818.992905
290.000000 17779818.992905
291.000000 17779818.992905
292.000000 17779818.992905
293.000000 17779818.992905
294.000000 17779818.992905
295.000000 17779818.992905
296.000000 17779818.992905
297.000000 17779818.992905
298.000000 17779818.992905
299.000000 17779818.992905
300.000000 17779818.992905
301.000000 17779818.992905
302.000000 17779818.992905
303.000000 17779818.992905
304.000000 17779818.992905
305.000000 17779818.992905
306.000000 17779818.992905
307.000000 17779818.992905
308.000000 17779818.992905
309.000000 17779818.992905
310.000000 17779818.992905
311.000000 17779818.992905
312.000000 17779818.992905
313.000000 17779818.992905
314.000000 17779818.992905
315.000000 17779818.992905
316.000000 17779818.992905
317.000000 17779818.992905
318.000000 17779818.992905
319.000000 17779818.992905
320.000000 17779818.992905
321.000000 17779818.992905
322.000000 17779818.992905
323.000000 17779818.992905
324.000000 17779818.992905
325.000000 17779818.992905
326.000000 17779818.992905
327.000000 17779818.992905
328.000000 17779818.992905
329.000000 17779818.992905
330.000000 17779818.992905
331.000000 17779818.992905
332.000000 17779818.992905
333.000000 17779818.992905
334.000000 17779818.992905
335.000000 17779818.992905
336.000000 17779818.992905
337.000000 17779818.992905
338.000000 17779818.992905
339.000000 17779818.992905
340.000000 17779818.992905
341.000000 17779818.992905
342.000000 17779818.992905
343.000000 17779818.992905
344.000000 17608290.028972
345.000000 17088116.192435
346.000000 16399968.100623
347.000000 15606090.329692
348.000000 14744988.965984
349.000000 13844994.794925
350.000000 12928523.766333
351.000000 12012534.574512
352.000000 11071381.458953
353.000000 10078707.409715
354.000000 9043939.479262
355.000000 7967739.202197
356.000000 6875036.675409
357.000000 5863153.504185
358.000000 5411966.618956
359.000000 5414015.180294
