# This file includes the efficiency of the whole farm by wind direction.
# Wind direction angle	Farm efficiency
34562.397421
34562.397421
34562.397421
36992.376410
41999.878797
46988.408509
51574.954458
55709.748704
59499.639429
61765.391020
63415.888495
63181.586414
61597.041237
61875.416762
61878.062314
61851.808993
59727.381703
58582.055847
59452.997719
59556.543891
59276.217632
59160.363018
60797.070962
61850.919268
58794.879953
54853.829508
53983.108942
54035.675318
54045.805837
54010.906399
53869.583798
57128.494280
60545.885681
60914.782101
61259.745686
61306.654381
61373.994162
60930.536699
61111.942498
63074.319336
64027.964622
62278.837781
59662.339063
55860.181991
51461.355834
46848.482390
44307.508705
44309.409968
44309.409968
44309.409968
44309.218413
46299.751505
50877.032196
55334.182099
59308.871561
62091.360610
64134.873519
63576.552833
61663.000473
61292.699751
61651.615883
61719.369188
61641.989204
61256.333617
61116.430439
58028.395542
54568.869881
54579.238922
54600.010022
54598.856933
54573.278286
55079.191150
58792.516130
62129.323568
61701.573322
59968.112885
60021.352537
60316.472806
60245.872887
59557.371382
60301.014185
62482.940110
62889.354873
62800.616202
62620.617189
63949.071852
64451.544515
62685.280683
60305.473523
56490.258429
52395.091859
47904.556984
43071.278597
38266.896657
35741.538776
35741.538776
35741.538776
35741.538776
35741.538776
37739.320515
42473.565347
47331.254701
51869.793578
55978.312924
59798.010945
62446.053238
64238.691272
63296.429640
62974.769825
63046.214346
62636.569549
60694.526705
59797.213508
60630.289861
60740.768532
60543.252338
60344.696559
60898.704214
58729.676767
55484.640239
55618.881424
55672.402024
55660.715961
55532.891472
56393.105980
59223.418155
61187.471653
62287.121589
62094.451356
62031.226805
61885.427392
62776.931881
61178.278612
57354.974093
53201.222826
48517.932684
46143.430095
46151.371582
46151.435468
46150.690323
46140.399288
48473.759251
53144.498860
57264.382842
61048.332905
62592.249540
61553.967961
61710.939898
61755.508178
61944.479062
60842.880887
58876.947647
55963.807020
54991.349451
55141.685152
55160.057026
55086.665596
54894.984988
58200.426636
60416.032945
59590.927954
59801.751886
60006.213552
59924.921785
58946.626005
59825.289126
61844.691985
62122.223851
62068.262418
62317.708353
63384.327960
61799.822369
59404.992057
55679.683083
51592.700532
46999.369970
42013.806133
37006.231562
34562.183236
34562.183236
34562.183236
34562.183236
34562.183236
36992.020668
41999.784046
46988.365353
51574.794422
55709.246518
59498.475433
61763.180606
63413.569968
63182.566921
61597.237033
61875.452824
61878.085130
61852.496514
59727.778484
58582.133895
59453.096486
59556.666620
59276.406699
59160.549751
60795.778319
61849.693452
58794.149827
54853.264594
53983.352645
54035.895630
54046.015680
54011.142240
53869.875437
57129.108981
60547.840715
60921.253610
61259.998121
61307.021276
61373.940622
60930.833126
61112.494757
63075.348623
64024.951212
62274.472500
59658.449170
55857.455461
51459.834426
46846.399985
44307.956068
44309.854503
44309.854503
44309.854503
44309.663086
46302.401196
50878.498950
55336.639105
59314.753715
62108.889890
64152.125919
63566.479182
61659.490284
61292.829186
61651.957727
61719.378611
61642.098910
61248.689734
61110.841483
58024.179687
54567.068349
54579.521318
54600.270055
54599.117906
54573.547939
55082.617099
58797.574533
62135.861732
61699.941371
59968.172221
60021.413190
60316.496142
60245.765758
59557.013960
60303.430964
62487.229223
62891.274199
62800.622302
62620.661237
63952.157282
64444.515493
62678.067155
60304.754343
56490.201618
52395.392225
47905.070206
43072.474022
38268.287596
35741.841229
35741.841229
35741.841229
35741.841229
35741.841229
37738.426414
42472.410053
47330.637273
51869.219188
55977.828178
59796.704059
62441.495249
64235.112849
63296.907882
62974.803768
63046.404651
62639.105186
60695.878412
59797.163474
60630.169884
60740.770592
60543.287312
60346.240576
60899.604121
58731.953232
55485.461719
55619.060609
55672.584179
55660.909795
55533.109524
56391.402967
59218.812973
61176.728931
62281.358130
62094.716668
62031.338384
61885.568195
62781.906257
61191.932736
57361.692775
53203.852069
48522.292777
46144.008784
46151.945214
46152.009026
46151.265117
46140.986624
48470.042064
53141.965896
57260.227086
61040.391291
62576.683838
61554.255878
61711.167490
61755.517626
61951.107027
60855.061131
58882.185734
55965.808551
54991.716004
55141.988220
55160.361594
55087.028421
54894.863271
58198.684518
60413.045467
59586.914902
59802.001961
60006.384534
59925.129495
58946.869653
59825.242080
61844.639241
62122.428579
62068.386849
62317.809305
63383.506621
61798.780288
59404.399056
55679.374893
51592.635813
46999.408416
42013.871354
37006.198123
34562.397421
34562.397421
