1119.384964
1086.376747
1078.272555
1073.869995
1073.744104
1080.369109
1087.814942
1139.505996
1064.420099
1018.904994
1004.975555
998.151429
998.428944
1008.528323
1023.733498
1091.294179
1054.192206
1002.126802
988.491496
979.849841
979.902277
993.162486
1007.597052
1083.510294
1044.654001
989.196409
973.225343
964.927254
965.436450
978.636577
996.619745
1076.924100
1041.628342
984.728392
968.906497
960.367288
960.982421
975.076534
992.821748
1074.997229
1040.837531
983.982593
968.209354
959.616314
960.387759
974.696710
992.573828
1075.062689
1042.397407
986.916242
971.364224
963.302536
964.038544
977.856955
996.265896
1077.499572
1049.979164
997.123361
983.695776
975.539046
976.306614
990.207407
1005.957082
1083.370863
1058.896799
1010.925766
997.982205
991.515088
992.797313
1004.294188
1021.755156
1091.395704
1107.706720
1068.487336
1059.694779
1055.268830
1055.932436
1064.113948
1074.135122
1128.237743
