0.000000	378.190943
1.000000	378.190943
2.000000	378.190943
3.000000	414.553612
4.000000	305.823225
5.000000	243.151437
6.000000	282.826827
7.000000	683.118255
8.000000	743.256209
9.000000	755.270916
10.000000	761.404598
11.000000	748.350515
12.000000	708.768717
13.000000	708.160082
14.000000	711.902573
15.000000	723.145490
16.000000	683.105580
17.000000	663.991780
18.000000	685.636854
19.000000	687.758950
20.000000	675.825404
21.000000	671.836135
22.000000	703.917782
23.000000	731.534230
24.000000	682.608489
25.000000	612.597181
26.000000	601.068415
27.000000	601.510999
28.000000	601.510999
29.000000	601.434505
30.000000	595.319697
31.000000	653.584750
32.000000	709.186680
33.000000	696.904694
34.000000	692.674777
35.000000	695.025511
36.000000	699.788672
37.000000	684.275956
38.000000	686.801195
39.000000	720.261313
40.000000	737.196799
41.000000	727.424074
42.000000	708.180428
43.000000	656.451011
44.000000	589.860352
45.000000	511.186070
46.000000	462.914760
47.000000	462.914760
48.000000	462.914760
49.000000	462.914760
50.000000	462.914760
51.000000	499.959359
52.000000	576.429521
53.000000	642.101733
54.000000	696.116376
55.000000	716.472685
56.000000	725.309654
57.000000	719.579959
58.000000	684.549660
59.000000	676.703180
60.000000	688.470716
61.000000	688.299604
62.000000	686.942143
63.000000	683.725864
64.000000	705.967136
65.000000	658.733694
66.000000	591.175932
67.000000	594.690245
68.000000	597.563382
69.000000	597.428882
70.000000	594.232572
71.000000	601.624179
72.000000	670.660251
73.000000	721.622488
74.000000	702.119864
75.000000	665.195304
76.000000	667.949466
77.000000	678.405050
78.000000	673.665284
79.000000	656.078155
80.000000	673.248939
81.000000	714.161372
82.000000	706.530968
83.000000	708.145485
84.000000	698.169494
85.000000	726.188308
86.000000	731.047077
87.000000	725.485103
88.000000	718.869251
89.000000	674.330160
90.000000	623.553553
91.000000	562.720056
92.000000	491.596348
93.000000	416.859282
94.000000	375.398090
95.000000	375.398090
96.000000	375.398090
97.000000	375.398090
98.000000	375.398090
99.000000	411.309580
100.000000	486.241650
101.000000	557.678304
102.000000	619.470077
103.000000	670.018368
104.000000	714.683673
105.000000	727.769613
106.000000	734.442532
107.000000	713.923397
108.000000	710.317637
109.000000	711.050446
110.000000	715.869180
111.000000	682.153251
112.000000	661.591493
113.000000	682.797232
114.000000	685.265351
115.000000	679.691055
116.000000	674.775488
117.000000	700.568819
118.000000	668.870715
119.000000	607.952270
120.000000	614.250026
121.000000	617.819114
122.000000	616.040832
123.000000	610.278631
124.000000	630.163412
125.000000	677.047923
126.000000	694.556199
127.000000	705.197024
128.000000	699.873709
129.000000	699.226621
130.000000	691.175847
131.000000	727.634390
132.000000	720.677268
133.000000	0.000000
134.000000	611.667678
135.000000	535.855219
136.000000	495.553262
137.000000	495.553262
138.000000	495.553262
139.000000	495.553262
140.000000	495.553262
141.000000	539.823021
142.000000	620.427415
143.000000	679.081842
144.000000	733.602995
145.000000	739.897056
146.000000	703.458988
147.000000	703.458988
148.000000	710.852739
149.000000	723.821529
150.000000	713.740065
151.000000	687.978813
152.000000	639.757357
153.000000	621.866926
154.000000	621.866926
155.000000	621.866926
156.000000	621.866926
157.000000	622.008800
158.000000	686.685362
159.000000	723.572898
160.000000	698.641155
161.000000	699.452335
162.000000	699.452335
163.000000	694.207722
164.000000	670.113131
165.000000	686.338722
166.000000	729.143073
167.000000	740.457862
168.000000	740.457932
169.000000	753.921302
170.000000	816.197497
171.000000	794.906326
172.000000	743.705424
173.000000	685.875602
174.000000	625.176740
175.000000	559.744713
176.000000	488.333672
177.000000	415.364509
178.000000	381.034515
179.000000	381.034515
180.000000	381.034515
181.000000	381.034515
182.000000	381.034515
183.000000	415.364509
184.000000	488.333672
185.000000	559.744713
186.000000	625.176740
187.000000	685.875602
188.000000	743.705424
189.000000	794.906326
190.000000	833.255516
191.000000	842.695440
192.000000	842.695440
193.000000	842.695440
194.000000	842.695440
195.000000	842.695440
196.000000	842.695440
197.000000	842.695440
198.000000	842.695440
199.000000	842.695440
200.000000	842.695440
201.000000	842.695440
202.000000	842.695440
203.000000	842.695440
204.000000	842.695440
205.000000	842.695440
206.000000	842.695440
207.000000	842.695440
208.000000	842.695440
209.000000	842.695440
210.000000	842.695440
211.000000	842.695440
212.000000	842.695440
213.000000	842.695440
214.000000	842.695440
215.000000	842.695440
216.000000	842.695440
217.000000	842.695440
218.000000	842.695440
219.000000	842.695440
220.000000	842.695440
221.000000	842.695440
222.000000	842.695440
223.000000	842.695440
224.000000	842.695440
225.000000	842.695440
226.000000	842.695440
227.000000	842.695440
228.000000	842.695440
229.000000	842.695440
230.000000	842.695440
231.000000	842.695440
232.000000	842.695440
233.000000	842.695440
234.000000	842.695440
235.000000	842.695440
236.000000	842.695440
237.000000	842.695440
238.000000	842.695440
239.000000	842.695440
240.000000	842.695440
241.000000	842.695440
242.000000	842.695440
243.000000	842.695440
244.000000	842.695440
245.000000	842.695440
246.000000	842.695440
247.000000	842.695440
248.000000	842.695440
249.000000	842.695440
250.000000	842.695440
251.000000	842.695440
252.000000	842.695440
253.000000	842.695440
254.000000	842.695440
255.000000	842.695440
256.000000	842.695440
257.000000	842.695440
258.000000	842.695440
259.000000	842.695440
260.000000	842.695440
261.000000	842.695440
262.000000	842.695440
263.000000	842.695440
264.000000	842.695440
265.000000	842.695440
266.000000	842.695440
267.000000	842.695440
268.000000	842.695440
269.000000	842.695440
270.000000	842.695440
271.000000	842.695440
272.000000	842.695440
273.000000	842.695440
274.000000	842.695440
275.000000	842.695440
276.000000	842.695440
277.000000	842.695440
278.000000	842.695440
279.000000	842.695440
280.000000	842.695440
281.000000	842.695440
282.000000	842.695440
283.000000	842.695440
284.000000	842.695440
285.000000	842.695440
286.000000	842.695440
287.000000	842.695440
288.000000	842.695440
289.000000	842.695440
290.000000	842.695440
291.000000	842.695440
292.000000	842.695440
293.000000	842.695440
294.000000	842.695440
295.000000	842.695440
296.000000	842.695440
297.000000	842.695440
298.000000	842.695440
299.000000	842.695440
300.000000	842.695440
301.000000	842.695440
302.000000	842.695440
303.000000	842.695440
304.000000	842.695440
305.000000	842.695440
306.000000	842.695440
307.000000	842.695440
308.000000	842.695440
309.000000	842.695440
310.000000	842.695440
311.000000	842.695440
312.000000	842.695440
313.000000	842.695440
314.000000	842.695440
315.000000	842.695440
316.000000	842.695440
317.000000	842.695440
318.000000	842.695440
319.000000	842.695440
320.000000	842.695440
321.000000	842.695440
322.000000	842.695440
323.000000	842.695440
324.000000	842.695440
325.000000	842.695440
326.000000	842.695440
327.000000	842.695440
328.000000	842.695440
329.000000	842.695440
330.000000	842.695440
331.000000	842.695440
332.000000	842.695440
333.000000	842.695440
334.000000	842.695440
335.000000	842.695440
336.000000	842.695440
337.000000	842.695440
338.000000	842.695440
339.000000	842.695440
340.000000	842.695440
341.000000	842.695440
342.000000	842.695440
343.000000	842.695440
344.000000	842.695440
345.000000	842.695440
346.000000	842.695440
347.000000	842.695440
348.000000	842.695440
349.000000	842.695440
350.000000	833.639811
351.000000	795.131283
352.000000	742.849317
353.000000	683.118255
354.000000	282.826827
355.000000	243.151437
356.000000	305.823225
357.000000	414.553612
358.000000	378.190943
359.000000	378.190943
