0.000000	725.141335
1.000000	725.141335
2.000000	725.141335
3.000000	793.121774
4.000000	960.798273
5.000000	994.423415
6.000000	1070.018328
7.000000	1129.128594
8.000000	1177.270663
9.000000	1185.154104
10.000000	1193.216883
11.000000	1191.085333
12.000000	1153.254826
13.000000	1166.027509
14.000000	1161.654203
15.000000	1175.775099
16.000000	1134.213183
17.000000	1108.659266
18.000000	1132.007249
19.000000	1133.300041
20.000000	1125.157402
21.000000	1120.913793
22.000000	1155.779052
23.000000	1183.822187
24.000000	1137.735680
25.000000	1056.483899
26.000000	1037.985188
27.000000	1042.602078
28.000000	1043.352997
29.000000	1039.068073
30.000000	1032.448630
31.000000	1106.807306
32.000000	1163.571544
33.000000	1145.576597
34.000000	1145.350124
35.000000	1146.222604
36.000000	1148.853440
37.000000	1134.345083
38.000000	1139.515902
39.000000	1179.239326
40.000000	1185.552360
41.000000	1175.825287
42.000000	1159.258677
43.000000	1103.233037
44.000000	1026.700217
45.000000	929.372293
46.000000	865.916654
47.000000	866.201071
48.000000	866.201071
49.000000	866.201071
50.000000	866.201071
51.000000	923.217686
52.000000	1022.547293
53.000000	1100.610032
54.000000	1162.340741
55.000000	1181.609382
56.000000	1192.397680
57.000000	1187.264702
58.000000	1146.216419
59.000000	1137.186247
60.000000	1153.656502
61.000000	1152.933496
62.000000	1147.693399
63.000000	1148.882626
64.000000	1174.140155
65.000000	1117.945092
66.000000	1036.892909
67.000000	1044.370869
68.000000	1044.691075
69.000000	1044.691075
70.000000	1044.357557
71.000000	1051.984769
72.000000	1134.835642
73.000000	1195.019859
74.000000	1171.794654
75.000000	1122.099720
76.000000	1125.096028
77.000000	1141.950378
78.000000	1140.497570
79.000000	1114.734932
80.000000	1133.855799
81.000000	1183.624292
82.000000	1173.928312
83.000000	1167.137934
84.000000	1154.462284
85.000000	1191.735811
86.000000	1207.277958
87.000000	1201.743913
88.000000	1193.731083
89.000000	1141.299340
90.000000	1082.389138
91.000000	1003.230343
92.000000	909.656821
93.000000	798.400933
94.000000	727.687601
95.000000	727.687601
96.000000	727.687601
97.000000	727.687601
98.000000	727.687601
99.000000	788.312354
100.000000	900.361319
101.000000	995.215224
102.000000	1075.155917
103.000000	1133.466265
104.000000	1186.472974
105.000000	1202.564154
106.000000	1210.122103
107.000000	1174.109595
108.000000	1169.990492
109.000000	1177.243363
110.000000	1183.143378
111.000000	1139.848551
112.000000	1119.492211
113.000000	1149.917026
114.000000	1156.501276
115.000000	1156.501276
116.000000	1155.449248
117.000000	1185.016471
118.000000	1140.170874
119.000000	1069.879091
120.000000	1069.761361
121.000000	1069.761361
122.000000	1069.761361
123.000000	1069.761361
124.000000	1090.903006
125.000000	1178.139874
126.000000	1262.989466
127.000000	1317.750893
128.000000	1319.467874
129.000000	1319.467874
130.000000	1319.467874
131.000000	1295.333444
132.000000	1232.608700
133.000000	1150.129089
134.000000	1056.397170
135.000000	963.456018
136.000000	914.847539
137.000000	914.847539
138.000000	914.847539
139.000000	914.847539
140.000000	914.847539
141.000000	952.834233
142.000000	1044.120105
143.000000	1138.595802
144.000000	1222.985142
145.000000	1288.784173
146.000000	1319.467874
147.000000	1319.467874
148.000000	1319.467874
149.000000	1319.467874
150.000000	1319.467874
151.000000	1319.467874
152.000000	1319.467874
153.000000	1319.467874
154.000000	1319.467874
155.000000	1319.467874
156.000000	1319.467874
157.000000	1319.467874
158.000000	1319.467874
159.000000	1319.467874
160.000000	1319.467874
161.000000	1319.467874
162.000000	1319.467874
163.000000	1319.467874
164.000000	1319.467874
165.000000	1319.467874
166.000000	1319.467874
167.000000	1319.467874
168.000000	1319.467874
169.000000	1319.467874
170.000000	1309.898547
171.000000	1268.173824
172.000000	1208.638112
173.000000	1136.004317
174.000000	1053.381101
175.000000	964.084404
176.000000	872.878304
177.000000	789.105932
178.000000	751.224147
179.000000	751.224147
180.000000	751.224147
181.000000	751.224147
182.000000	751.224147
183.000000	789.105932
184.000000	872.878304
185.000000	964.084404
186.000000	1053.381101
187.000000	1136.004317
188.000000	1208.638112
189.000000	1268.173824
190.000000	1309.898547
191.000000	1319.467874
192.000000	1319.467874
193.000000	1319.467874
194.000000	1319.467874
195.000000	1319.467874
196.000000	1319.467874
197.000000	1319.467874
198.000000	1319.467874
199.000000	1319.467874
200.000000	1319.467874
201.000000	1319.467874
202.000000	1319.467874
203.000000	1319.467874
204.000000	1319.467874
205.000000	1319.467874
206.000000	1319.467874
207.000000	1319.467874
208.000000	1319.467874
209.000000	1319.467874
210.000000	1319.467874
211.000000	1319.467874
212.000000	1319.467874
213.000000	1319.467874
214.000000	1319.467874
215.000000	1319.467874
216.000000	1319.467874
217.000000	1319.467874
218.000000	1319.467874
219.000000	1319.467874
220.000000	1311.008462
221.000000	1261.552848
222.000000	1189.633114
223.000000	1103.008764
224.000000	1008.448519
225.000000	917.321491
226.000000	873.245886
227.000000	873.245886
228.000000	873.245886
229.000000	873.245886
230.000000	873.245886
231.000000	913.398041
232.000000	1003.839698
233.000000	1098.563964
234.000000	1185.739894
235.000000	1258.515795
236.000000	1309.352947
237.000000	1319.467874
238.000000	1319.467874
239.000000	1319.467874
240.000000	1319.467874
241.000000	1319.467874
242.000000	1319.467874
243.000000	1319.467874
244.000000	1319.467874
245.000000	1319.467874
246.000000	1319.467874
247.000000	1319.467874
248.000000	1319.467874
249.000000	1319.467874
250.000000	1319.467874
251.000000	1319.467874
252.000000	1319.467874
253.000000	1319.467874
254.000000	1319.467874
255.000000	1319.467874
256.000000	1319.467874
257.000000	1319.467874
258.000000	1319.467874
259.000000	1319.467874
260.000000	1319.467874
261.000000	1319.467874
262.000000	1319.467874
263.000000	1319.467874
264.000000	1319.467874
265.000000	1319.467874
266.000000	1310.984295
267.000000	1270.085725
268.000000	1211.100401
269.000000	1138.886513
270.000000	1056.570154
271.000000	967.441901
272.000000	876.183815
273.000000	791.847223
274.000000	751.308556
275.000000	751.308556
276.000000	751.308556
277.000000	751.308556
278.000000	751.308556
279.000000	786.581046
280.000000	869.768549
281.000000	960.920840
282.000000	1050.383026
283.000000	1133.303949
284.000000	1206.338840
285.000000	1266.390512
286.000000	1308.866873
287.000000	1319.467874
288.000000	1319.467874
289.000000	1319.467874
290.000000	1319.467874
291.000000	1319.467874
292.000000	1319.467874
293.000000	1319.467874
294.000000	1319.467874
295.000000	1319.467874
296.000000	1319.467874
297.000000	1319.467874
298.000000	1319.467874
299.000000	1319.467874
300.000000	1319.467874
301.000000	1319.467874
302.000000	1319.467874
303.000000	1319.467874
304.000000	1319.467874
305.000000	1319.467874
306.000000	1319.467874
307.000000	1319.467874
308.000000	1319.467874
309.000000	1319.467874
310.000000	1319.467874
311.000000	1290.378905
312.000000	1225.291797
313.000000	1141.345693
314.000000	1047.030543
315.000000	955.299429
316.000000	914.812798
317.000000	914.812798
318.000000	914.812798
319.000000	914.812798
320.000000	914.812798
321.000000	960.822194
322.000000	1053.412104
323.000000	1147.340570
324.000000	1230.294300
325.000000	1293.784440
326.000000	1319.467874
327.000000	1319.467874
328.000000	1319.467874
329.000000	1317.624346
330.000000	1262.603108
331.000000	1177.663814
332.000000	1090.541499
333.000000	1069.835800
334.000000	1069.835800
335.000000	1069.835800
336.000000	1069.835800
337.000000	1070.051679
338.000000	1140.719582
339.000000	1184.956728
340.000000	1155.389083
341.000000	1156.398755
342.000000	1156.398755
343.000000	1149.896099
344.000000	1119.459502
345.000000	1140.058754
346.000000	1183.542322
347.000000	1177.150542
348.000000	1170.212263
349.000000	1172.940977
350.000000	1198.296078
351.000000	1187.036382
352.000000	1175.335888
353.000000	1127.792849
354.000000	1070.508527
355.000000	994.383828
356.000000	960.670324
357.000000	793.121774
358.000000	725.141335
359.000000	725.141335
