8.500000
8.500000
8.500000
8.500000
8.500000
8.500000
8.500000
8.500000
8.500000
8.500000
8.500000
8.500000
8.500000
8.500000
8.500000
8.500000
8.500000
8.500000
8.500000
8.500000
8.500000
8.500000
8.500000
8.500000
8.500000
8.500000
8.500000
8.500000
8.500000
8.500000
8.500000
8.500000
8.500000
8.500000
8.500000
8.500000
8.500000
8.500000
8.500000
8.500000
8.500000
8.500000
8.500000
8.500000
8.500000
8.500000
8.500000
8.500000
8.500000
8.500000
8.500000
8.500000
8.500000
8.500000
8.500000
8.500000
8.500000
8.500000
8.500000
8.500000
8.500000
8.500000
8.500000
8.500000
8.500000
8.500000
8.500000
8.500000
8.500000
8.500000
8.500000
8.500000
8.500000
8.500000
8.500000
8.500000
8.500000
8.500000
8.500000
8.500000
8.500000
8.500000
8.500000
8.500000
8.500000
8.500000
8.482682
8.368414
8.204254
8.009211
7.792903
7.544592
7.246562
6.885895
6.625698
6.625698
6.625698
6.625698
6.625698
6.800744
7.166379
7.472739
7.714551
7.902514
8.064399
8.115668
8.145623
8.079900
8.059867
8.066446
8.081165
7.970210
7.890046
7.964256
7.975685
7.955823
7.939407
8.033781
7.934672
7.699230
7.717596
7.731230
7.725186
7.703818
7.762338
7.935735
8.002706
8.036402
8.017837
8.016248
7.988788
8.091387
8.070511
7.909592
7.706853
7.409042
7.218110
7.223609
7.223689
7.222173
7.216517
7.397737
7.695536
7.893448
8.055063
8.083130
7.976014
8.002601
8.003757
8.025465
7.992099
7.932327
7.766036
7.694739
7.716208
7.720398
7.709177
7.685347
7.905048
8.016834
7.924392
7.941515
7.959549
7.959362
7.878011
7.945624
8.057686
8.045323
8.045610
8.058695
8.130320
8.102847
8.053207
7.908115
7.730031
7.495149
7.201588
6.841446
6.617407
6.617407
6.617407
6.617407
6.617407
6.841446
7.205796
7.508548
7.760890
7.979817
8.178328
8.347698
8.471067
8.500000
8.500000
8.500000
8.500000
8.500000
8.500000
8.500000
8.500000
8.500000
8.500000
8.500000
8.500000
8.500000
8.500000
8.500000
8.500000
8.500000
8.500000
8.500000
8.500000
8.500000
8.500000
8.500000
8.500000
8.500000
8.500000
8.500000
8.500000
8.500000
8.500000
8.500000
8.500000
8.500000
8.500000
8.500000
8.500000
8.500000
8.500000
8.500000
8.500000
8.500000
8.500000
8.500000
8.500000
8.500000
8.500000
8.500000
8.500000
8.500000
8.500000
8.500000
8.500000
8.500000
8.500000
8.500000
8.500000
8.500000
8.500000
8.500000
8.500000
8.500000
8.500000
8.500000
8.500000
8.500000
8.500000
8.500000
8.500000
8.500000
8.500000
8.500000
8.500000
8.500000
8.500000
8.500000
8.500000
8.500000
8.500000
8.500000
8.500000
8.500000
8.500000
8.500000
8.500000
8.500000
8.500000
8.500000
8.500000
8.500000
8.500000
8.500000
8.500000
8.500000
8.500000
8.500000
8.500000
8.500000
8.500000
8.500000
8.500000
8.500000
8.500000
8.500000
8.500000
8.500000
8.500000
8.500000
8.500000
8.500000
8.500000
8.500000
8.500000
8.500000
8.500000
8.500000
8.500000
8.500000
8.500000
8.500000
8.500000
8.500000
8.500000
8.500000
8.500000
8.500000
8.500000
8.500000
8.500000
8.500000
8.500000
8.500000
8.500000
8.500000
8.500000
8.500000
8.500000
8.500000
8.500000
8.500000
8.500000
8.500000
8.500000
8.500000
8.500000
8.500000
8.500000
8.500000
8.500000
8.500000
8.500000
8.500000
8.500000
8.500000
8.500000
8.500000
8.500000
8.500000
8.500000
8.500000
8.500000
8.500000
8.500000
8.500000
8.500000
8.500000
8.500000
8.500000
8.500000
8.500000
