0.000000	373.653007
1.000000	373.653007
2.000000	373.653007
3.000000	413.422137
4.000000	487.431302
5.000000	556.395092
6.000000	616.414597
7.000000	666.734027
8.000000	708.657057
9.000000	719.338862
10.000000	729.297594
11.000000	727.502656
12.000000	697.379925
13.000000	707.833464
14.000000	711.555494
15.000000	723.211219
16.000000	683.482085
17.000000	663.498714
18.000000	685.390827
19.000000	687.881030
20.000000	687.881030
21.000000	687.881030
22.000000	724.200475
23.000000	760.323043
24.000000	699.759698
25.000000	631.060593
26.000000	613.345773
27.000000	613.345773
28.000000	613.345773
29.000000	613.345773
30.000000	613.345773
31.000000	664.394901
32.000000	738.973930
33.000000	807.795499
34.000000	842.695440
35.000000	842.695440
36.000000	842.695440
37.000000	842.695440
38.000000	842.695440
39.000000	842.695440
40.000000	836.247000
41.000000	792.051113
42.000000	730.300709
43.000000	661.101744
44.000000	591.876764
45.000000	530.851403
46.000000	500.876028
47.000000	500.876028
48.000000	500.876028
49.000000	500.876028
50.000000	500.876028
51.000000	522.610421
52.000000	581.179366
53.000000	649.707970
54.000000	719.399993
55.000000	782.909108
56.000000	830.994751
57.000000	842.695440
58.000000	842.695440
59.000000	842.695440
60.000000	842.695440
61.000000	842.695440
62.000000	842.695440
63.000000	842.695440
64.000000	842.695440
65.000000	842.695440
66.000000	842.695440
67.000000	842.695440
68.000000	842.695440
69.000000	842.695440
70.000000	842.695440
71.000000	842.695440
72.000000	842.695440
73.000000	842.695440
74.000000	842.695440
75.000000	842.695440
76.000000	842.695440
77.000000	842.695440
78.000000	842.695440
79.000000	842.695440
80.000000	842.695440
81.000000	842.695440
82.000000	842.695440
83.000000	842.695440
84.000000	842.695440
85.000000	842.695440
86.000000	834.663018
87.000000	796.861589
88.000000	744.951142
89.000000	685.406243
90.000000	622.643583
91.000000	560.512689
92.000000	502.851345
93.000000	454.652389
94.000000	433.151044
95.000000	433.151044
96.000000	433.151044
97.000000	433.151044
98.000000	433.151044
99.000000	451.799216
100.000000	499.016438
101.000000	556.196208
102.000000	618.138507
103.000000	680.980664
104.000000	740.891278
105.000000	793.520278
106.000000	832.668569
107.000000	842.695440
108.000000	842.695440
109.000000	842.695440
110.000000	842.695440
111.000000	842.695440
112.000000	842.695440
113.000000	842.695440
114.000000	842.695440
115.000000	842.695440
116.000000	842.695440
117.000000	842.695440
118.000000	842.695440
119.000000	842.695440
120.000000	842.695440
121.000000	842.695440
122.000000	842.695440
123.000000	842.695440
124.000000	842.695440
125.000000	842.695440
126.000000	842.695440
127.000000	842.695440
128.000000	842.695440
129.000000	842.695440
130.000000	842.695440
131.000000	842.695440
132.000000	842.695440
133.000000	842.695440
134.000000	842.695440
135.000000	842.695440
136.000000	842.695440
137.000000	842.695440
138.000000	842.695440
139.000000	842.695440
140.000000	842.695440
141.000000	842.695440
142.000000	842.695440
143.000000	842.695440
144.000000	842.695440
145.000000	842.695440
146.000000	842.695440
147.000000	842.695440
148.000000	842.695440
149.000000	842.695440
150.000000	842.695440
151.000000	842.695440
152.000000	842.695440
153.000000	842.695440
154.000000	842.695440
155.000000	842.695440
156.000000	842.695440
157.000000	842.695440
158.000000	842.695440
159.000000	842.695440
160.000000	842.695440
161.000000	842.695440
162.000000	842.695440
163.000000	842.695440
164.000000	842.695440
165.000000	842.695440
166.000000	842.695440
167.000000	842.695440
168.000000	842.695440
169.000000	842.695440
170.000000	842.695440
171.000000	842.695440
172.000000	842.695440
173.000000	842.695440
174.000000	842.695440
175.000000	842.695440
176.000000	842.695440
177.000000	842.695440
178.000000	842.695440
179.000000	842.695440
180.000000	842.695440
181.000000	842.695440
182.000000	842.695440
183.000000	842.695440
184.000000	842.695440
185.000000	842.695440
186.000000	842.695440
187.000000	842.695440
188.000000	842.695440
189.000000	842.695440
190.000000	842.695440
191.000000	842.695440
192.000000	842.695440
193.000000	842.695440
194.000000	842.695440
195.000000	842.695440
196.000000	842.695440
197.000000	842.695440
198.000000	842.695440
199.000000	842.695440
200.000000	842.695440
201.000000	842.695440
202.000000	842.695440
203.000000	842.695440
204.000000	842.695440
205.000000	842.695440
206.000000	842.695440
207.000000	842.695440
208.000000	842.695440
209.000000	842.695440
210.000000	842.695440
211.000000	842.695440
212.000000	842.695440
213.000000	842.695440
214.000000	842.695440
215.000000	842.695440
216.000000	842.695440
217.000000	842.695440
218.000000	842.695440
219.000000	842.695440
220.000000	842.695440
221.000000	842.695440
222.000000	842.695440
223.000000	842.695440
224.000000	842.695440
225.000000	842.695440
226.000000	842.695440
227.000000	842.695440
228.000000	842.695440
229.000000	842.695440
230.000000	842.695440
231.000000	842.695440
232.000000	842.695440
233.000000	842.695440
234.000000	842.695440
235.000000	842.695440
236.000000	842.695440
237.000000	842.695440
238.000000	842.695440
239.000000	842.695440
240.000000	842.695440
241.000000	842.695440
242.000000	842.695440
243.000000	842.695440
244.000000	842.695440
245.000000	842.695440
246.000000	842.695440
247.000000	842.695440
248.000000	842.695440
249.000000	842.695440
250.000000	842.695440
251.000000	842.695440
252.000000	842.695440
253.000000	842.695440
254.000000	842.695440
255.000000	842.695440
256.000000	842.695440
257.000000	842.695440
258.000000	842.695440
259.000000	842.695440
260.000000	842.695440
261.000000	842.695440
262.000000	842.695440
263.000000	842.695440
264.000000	842.695440
265.000000	842.695440
266.000000	834.582941
267.000000	797.112850
268.000000	746.354189
269.000000	688.738548
270.000000	628.136523
271.000000	562.940185
272.000000	491.682502
273.000000	416.659133
274.000000	376.188084
275.000000	376.188084
276.000000	376.188084
277.000000	376.188084
278.000000	376.188084
279.000000	411.116940
280.000000	485.161041
281.000000	556.690208
282.000000	622.140528
283.000000	673.825702
284.000000	720.921376
285.000000	736.151168
286.000000	743.872043
287.000000	713.911930
288.000000	710.526004
289.000000	716.497283
290.000000	721.565608
291.000000	684.573170
292.000000	665.081999
293.000000	688.214114
294.000000	688.647095
295.000000	679.653676
296.000000	678.964307
297.000000	707.349041
298.000000	673.509917
299.000000	610.039987
300.000000	616.909963
301.000000	618.407102
302.000000	618.243788
303.000000	612.031475
304.000000	631.155464
305.000000	678.079355
306.000000	697.770216
307.000000	706.062496
308.000000	699.945304
309.000000	699.191819
310.000000	691.124546
311.000000	723.491526
312.000000	717.746153
313.000000	668.490550
314.000000	612.296548
315.000000	535.751438
316.000000	492.378696
317.000000	492.885757
318.000000	492.885757
319.000000	492.871809
320.000000	491.678458
321.000000	533.822382
322.000000	608.940946
323.000000	663.168670
324.000000	709.387183
325.000000	717.094207
326.000000	686.368396
327.000000	693.335390
328.000000	693.464950
329.000000	699.523483
330.000000	689.878301
331.000000	673.031551
332.000000	626.875265
333.000000	607.859902
334.000000	613.518026
335.000000	614.568987
336.000000	611.646002
337.000000	605.339037
338.000000	664.980049
339.000000	697.175902
340.000000	670.627659
341.000000	675.489911
342.000000	680.439111
343.000000	680.638859
344.000000	657.697640
345.000000	676.083272
346.000000	708.578928
347.000000	705.271422
348.000000	705.409624
349.000000	708.911689
350.000000	729.932502
351.000000	721.800853
352.000000	706.978952
353.000000	665.675918
354.000000	616.888848
355.000000	556.361393
356.000000	487.321374
357.000000	413.422137
358.000000	373.653007
359.000000	373.653007
