374.248488
374.248488
374.248488
413.539517
488.330645
557.661445
618.151432
669.110154
712.113526
720.935952
729.434008
727.673313
694.237482
704.313556
700.833622
711.179764
674.127615
652.582029
672.890132
674.137850
666.474360
662.843702
693.578510
718.807805
676.885050
607.184010
592.301596
595.391170
595.881076
593.073770
587.609772
649.840504
700.082416
684.544070
684.023603
684.951868
687.496333
674.451877
678.806903
714.384279
721.494847
712.026490
695.982269
646.668737
582.482154
506.783744
461.445431
461.585027
461.585027
461.585027
461.585027
501.628295
579.143324
645.094116
698.592128
717.560662
728.746505
724.352957
687.510307
679.453938
692.157480
691.597052
687.542611
688.481343
710.279797
660.851137
592.855419
597.318622
597.528617
597.528617
597.309893
605.108889
675.987783
729.564113
708.712204
665.785332
668.027006
680.710976
679.613001
660.293870
677.769328
721.386392
713.762619
708.189370
697.886909
728.559458
741.503752
735.619864
727.626660
680.420330
628.120783
562.940061
491.703836
416.922375
376.189555
376.189555
376.189555
376.189555
376.189555
410.847023
485.133804
556.690340
622.140527
673.825724
720.921386
736.151169
743.872043
713.911930
710.526004
716.497283
721.386840
686.171431
670.138627
694.224546
699.535297
699.535297
698.684380
722.945182
686.427968
632.433459
632.346262
632.346262
632.346262
632.346262
648.176532
717.238396
790.455661
841.064387
842.695440
842.695440
842.695440
820.018241
763.530504
694.395044
622.517230
557.870669
526.565507
526.565507
526.565507
526.565507
526.565507
550.886000
613.607879
685.175164
755.168527
813.956243
842.695440
842.695440
842.695440
842.695440
842.695440
842.695440
842.695440
842.695440
842.695440
842.695440
842.695440
842.695440
842.695440
842.695440
842.695440
842.695440
842.695440
842.695440
842.695440
842.695440
842.695440
842.695440
842.695440
842.695440
833.639811
795.131283
742.849317
683.118255
620.317875
558.286429
500.871861
453.164924
433.107375
433.107375
433.107375
433.107375
433.107375
453.164924
500.871861
558.286429
620.317875
683.118255
742.849317
795.131283
833.639811
842.695440
842.695440
842.695440
842.695440
842.695440
842.695440
842.695440
842.695440
842.695440
842.695440
842.695440
842.695440
842.695440
842.695440
842.695440
842.695440
842.695440
842.695440
842.695440
842.695440
842.695440
842.695440
842.695440
842.695440
842.695440
842.695440
842.695440
842.695440
842.695440
834.685805
789.164227
726.798523
657.397622
588.365885
528.118355
501.091615
501.091615
501.091615
501.091615
501.091615
525.657683
585.173803
653.998635
723.547823
786.440092
833.126048
842.695440
842.695440
842.695440
842.695440
842.695440
842.695440
842.695440
842.695440
842.695440
842.695440
842.695440
842.695440
842.695440
842.695440
842.695440
842.695440
842.695440
842.695440
842.695440
842.695440
842.695440
842.695440
842.695440
842.695440
842.695440
842.695440
842.695440
842.695440
842.695440
834.663018
796.861589
744.951142
685.406243
622.643583
560.512689
502.851345
454.652389
433.151044
433.151044
433.151044
433.151044
433.151044
451.799216
499.016438
556.196208
618.138507
680.980664
740.891278
793.520278
832.668569
842.695440
842.695440
842.695440
842.695440
842.695440
842.695440
842.695440
842.695440
842.695440
842.695440
842.695440
842.695440
842.695440
842.695440
842.695440
842.695440
842.695440
842.695440
842.695440
842.695440
842.695440
842.695440
842.695440
842.695440
815.428745
757.165549
687.363714
615.709602
552.499833
526.543732
526.543732
526.543732
526.543732
526.543732
556.131147
620.340447
692.156000
761.512233
818.580972
842.695440
842.695440
842.695440
840.944281
790.108170
716.844771
647.902930
632.401394
632.401394
632.401394
632.401394
632.561305
686.864877
722.895432
698.635744
699.452335
699.452335
694.207722
670.113131
686.338722
721.718502
716.420588
710.707945
712.949899
733.721456
722.525026
710.374546
667.926863
618.523869
557.559969
488.271757
413.539517
374.248488
374.248488
374.248488
