0.000000	304.222635
1.000000	304.222635
2.000000	304.222635
3.000000	355.505298
4.000000	526.140443
5.000000	522.256437
6.000000	581.647391
7.000000	630.652520
8.000000	670.443062
9.000000	678.818052
10.000000	686.726251
11.000000	685.185927
12.000000	654.910544
13.000000	663.865721
14.000000	660.775742
15.000000	669.718769
16.000000	635.574812
17.000000	615.408275
18.000000	634.560218
19.000000	635.750177
20.000000	628.456743
21.000000	625.051779
22.000000	653.685250
23.000000	676.695534
24.000000	638.017343
25.000000	570.908287
26.000000	556.066817
27.000000	559.023905
28.000000	559.488846
29.000000	556.817827
30.000000	551.327139
31.000000	612.439522
32.000000	659.534148
33.000000	645.331939
34.000000	644.800683
35.000000	645.693467
36.000000	648.093289
37.000000	635.919831
38.000000	639.941477
39.000000	672.641044
40.000000	679.369606
41.000000	670.645271
42.000000	655.696119
43.000000	609.351275
44.000000	545.970810
45.000000	465.662389
46.000000	413.971587
47.000000	414.124528
48.000000	414.124528
49.000000	414.124528
50.000000	414.124528
51.000000	459.816890
52.000000	542.323347
53.000000	607.801957
54.000000	658.074651
55.000000	675.723883
56.000000	686.121822
57.000000	682.232602
58.000000	648.598975
59.000000	641.104077
60.000000	652.478631
61.000000	651.979255
62.000000	648.359847
63.000000	649.203611
64.000000	669.007325
65.000000	623.170382
66.000000	556.980620
67.000000	561.113291
68.000000	561.312451
69.000000	561.312451
70.000000	561.105012
71.000000	569.194319
72.000000	637.492137
73.000000	686.503018
74.000000	667.710658
75.000000	628.215516
76.000000	630.246008
77.000000	641.662919
78.000000	640.679461
79.000000	623.225104
80.000000	639.798080
81.000000	679.632166
82.000000	672.984394
83.000000	668.032791
84.000000	658.832858
85.000000	686.048022
86.000000	697.335837
87.000000	691.910526
88.000000	684.586329
89.000000	641.352848
90.000000	591.255603
91.000000	525.719158
92.000000	448.664979
93.000000	359.809766
94.000000	306.967252
95.000000	306.967252
96.000000	306.967252
97.000000	306.967252
98.000000	306.967252
99.000000	352.161179
100.000000	441.239111
101.000000	519.227641
102.000000	585.442641
103.000000	635.258056
104.000000	678.527350
105.000000	692.336801
106.000000	699.386482
107.000000	673.116813
108.000000	670.110917
109.000000	675.407701
110.000000	679.730336
111.000000	648.295053
112.000000	633.736341
113.000000	655.547494
114.000000	660.308979
115.000000	660.308979
116.000000	659.547187
117.000000	681.105270
118.000000	648.526692
119.000000	598.816482
120.000000	598.734539
121.000000	598.734539
122.000000	598.734539
123.000000	598.734539
124.000000	613.518650
125.000000	676.063725
126.000000	739.511355
127.000000	782.002533
128.000000	783.355998
129.000000	783.355998
130.000000	783.355998
131.000000	764.451858
132.000000	716.475486
133.000000	655.700618
134.000000	589.460300
135.000000	526.410835
136.000000	494.386352
137.000000	494.386352
138.000000	494.386352
139.000000	494.386352
140.000000	494.386352
141.000000	519.359291
142.000000	580.988130
143.000000	647.395091
144.000000	709.254333
145.000000	759.365926
146.000000	783.355998
147.000000	783.355998
148.000000	783.355998
149.000000	783.355998
150.000000	783.355998
151.000000	783.355998
152.000000	783.355998
153.000000	783.355998
154.000000	783.355998
155.000000	783.355998
156.000000	783.355998
157.000000	783.355998
158.000000	783.355998
159.000000	783.355998
160.000000	783.355998
161.000000	783.355998
162.000000	783.355998
163.000000	783.355998
164.000000	783.355998
165.000000	783.355998
166.000000	783.355998
167.000000	783.355998
168.000000	783.355998
169.000000	783.355998
170.000000	775.829567
171.000000	743.479560
172.000000	698.554606
173.000000	645.535074
174.000000	587.374770
175.000000	526.828962
176.000000	467.227942
177.000000	414.308913
178.000000	390.917650
179.000000	390.917650
180.000000	390.917650
181.000000	390.917650
182.000000	390.917650
183.000000	414.308913
184.000000	467.227942
185.000000	526.828962
186.000000	587.374770
187.000000	645.535074
188.000000	698.554606
189.000000	743.479560
190.000000	775.829567
191.000000	783.355998
192.000000	783.355998
193.000000	783.355998
194.000000	783.355998
195.000000	783.355998
196.000000	783.355998
197.000000	783.355998
198.000000	783.355998
199.000000	783.355998
200.000000	783.355998
201.000000	783.355998
202.000000	783.355998
203.000000	783.355998
204.000000	783.355998
205.000000	783.355998
206.000000	783.355998
207.000000	783.355998
208.000000	783.355998
209.000000	783.355998
210.000000	783.355998
211.000000	783.355998
212.000000	783.355998
213.000000	783.355998
214.000000	783.355998
215.000000	783.355998
216.000000	783.355998
217.000000	783.355998
218.000000	783.355998
219.000000	783.355998
220.000000	776.700430
221.000000	738.413693
222.000000	684.499514
223.000000	622.047462
224.000000	556.624313
225.000000	496.001263
226.000000	467.463884
227.000000	467.463884
228.000000	467.463884
229.000000	467.463884
230.000000	467.463884
231.000000	493.440903
232.000000	553.503306
233.000000	618.910557
234.000000	681.636634
235.000000	736.095974
236.000000	775.401678
237.000000	783.355998
238.000000	783.355998
239.000000	783.355998
240.000000	783.355998
241.000000	783.355998
242.000000	783.355998
243.000000	783.355998
244.000000	783.355998
245.000000	783.355998
246.000000	783.355998
247.000000	783.355998
248.000000	783.355998
249.000000	783.355998
250.000000	783.355998
251.000000	783.355998
252.000000	783.355998
253.000000	783.355998
254.000000	783.355998
255.000000	783.355998
256.000000	783.355998
257.000000	783.355998
258.000000	783.355998
259.000000	783.355998
260.000000	783.355998
261.000000	783.355998
262.000000	783.355998
263.000000	783.355998
264.000000	783.355998
265.000000	783.355998
266.000000	776.681462
267.000000	744.945763
268.000000	700.385401
269.000000	647.603887
270.000000	589.579998
271.000000	529.064852
272.000000	469.350877
273.000000	416.014341
274.000000	390.969410
275.000000	390.969410
276.000000	390.969410
277.000000	390.969410
278.000000	390.969410
279.000000	412.739652
280.000000	465.233203
281.000000	524.725022
282.000000	585.304399
283.000000	643.599310
284.000000	696.847070
285.000000	742.113332
286.000000	775.020585
287.000000	783.355998
288.000000	783.355998
289.000000	783.355998
290.000000	783.355998
291.000000	783.355998
292.000000	783.355998
293.000000	783.355998
294.000000	783.355998
295.000000	783.355998
296.000000	783.355998
297.000000	783.355998
298.000000	783.355998
299.000000	783.355998
300.000000	783.355998
301.000000	783.355998
302.000000	783.355998
303.000000	783.355998
304.000000	783.355998
305.000000	783.355998
306.000000	783.355998
307.000000	783.355998
308.000000	783.355998
309.000000	783.355998
310.000000	783.355998
311.000000	760.602638
312.000000	710.981905
313.000000	649.371281
314.000000	582.992481
315.000000	520.993163
316.000000	494.363686
317.000000	494.363686
318.000000	494.363686
319.000000	494.363686
320.000000	494.363686
321.000000	524.659461
322.000000	587.396193
323.000000	653.688352
324.000000	714.735577
325.000000	763.247286
326.000000	783.355998
327.000000	783.355998
328.000000	783.355998
329.000000	781.902831
330.000000	739.216072
331.000000	675.715331
332.000000	613.264675
333.000000	598.786350
334.000000	598.786350
335.000000	598.786350
336.000000	598.786350
337.000000	598.936616
338.000000	648.921106
339.000000	681.061396
340.000000	659.503633
341.000000	660.234725
342.000000	660.234725
343.000000	655.532384
344.000000	633.713058
345.000000	648.446113
346.000000	680.023073
347.000000	675.339796
348.000000	670.272600
349.000000	672.263409
350.000000	690.490958
351.000000	680.226073
352.000000	668.866617
353.000000	629.533317
354.000000	582.002190
355.000000	522.139884
356.000000	526.054861
357.000000	355.505298
358.000000	304.222635
359.000000	304.222635
