0.000000	510.655325
1.000000	510.655325
2.000000	510.655325
3.000000	573.224979
4.000000	737.027510
5.000000	764.173446
6.000000	832.983724
7.000000	888.069370
8.000000	932.712964
9.000000	941.182846
10.000000	949.431362
11.000000	947.595871
12.000000	913.166735
13.000000	923.983474
14.000000	920.264530
15.000000	931.604392
16.000000	893.118474
17.000000	869.964096
18.000000	891.603258
19.000000	892.886123
20.000000	884.936072
21.000000	881.054224
22.000000	913.364302
23.000000	939.294174
24.000000	896.173711
25.000000	820.648480
26.000000	803.754451
27.000000	807.490794
28.000000	808.087053
29.000000	804.671806
30.000000	798.423391
31.000000	867.459851
32.000000	920.257507
33.000000	903.953931
34.000000	903.492190
35.000000	904.416170
36.000000	907.009376
37.000000	893.398398
38.000000	898.041268
39.000000	934.859950
40.000000	941.683796
41.000000	932.238966
42.000000	916.108996
43.000000	864.100692
44.000000	792.732894
45.000000	701.509965
46.000000	641.825857
47.000000	642.036265
48.000000	642.036265
49.000000	642.036265
50.000000	642.036265
51.000000	695.150174
52.000000	789.037766
53.000000	862.403418
54.000000	918.843761
55.000000	937.799828
56.000000	948.718751
57.000000	944.186936
58.000000	906.314629
59.000000	897.907888
60.000000	911.744391
61.000000	911.136975
62.000000	906.734525
63.000000	907.748299
64.000000	930.521449
65.000000	878.851710
66.000000	803.883239
67.000000	809.480502
68.000000	809.735288
69.000000	809.735288
70.000000	809.469910
71.000000	817.802857
72.000000	894.756969
73.000000	950.028900
74.000000	928.739521
75.000000	883.608017
76.000000	886.099972
77.000000	900.113232
78.000000	898.905829
79.000000	877.483013
80.000000	895.758720
81.000000	941.073250
82.000000	932.955652
83.000000	927.085085
84.000000	916.154273
85.000000	948.401352
86.000000	961.813423
87.000000	956.154644
88.000000	948.310376
89.000000	899.800175
90.000000	844.173982
91.000000	770.242324
92.000000	682.383700
93.000000	578.253136
94.000000	513.638889
95.000000	513.638889
96.000000	513.638889
97.000000	513.638889
98.000000	513.638889
99.000000	569.018522
100.000000	673.764952
101.000000	762.828471
102.000000	837.551634
103.000000	892.777867
104.000000	941.543004
105.000000	956.755636
106.000000	964.258725
107.000000	933.112524
108.000000	929.549965
109.000000	935.825477
110.000000	940.939348
111.000000	903.596340
112.000000	886.180621
113.000000	912.243398
114.000000	917.910168
115.000000	917.910168
116.000000	917.004090
117.000000	942.564547
118.000000	903.872817
119.000000	844.094405
120.000000	843.995123
121.000000	843.995123
122.000000	843.995123
123.000000	843.995123
124.000000	861.867907
125.000000	936.602016
126.000000	1010.973489
127.000000	1059.970055
128.000000	1061.520024
129.000000	1061.520024
130.000000	1061.520024
131.000000	1039.811329
132.000000	984.138957
133.000000	912.425762
134.000000	832.742535
135.000000	755.400892
136.000000	715.544851
137.000000	715.544851
138.000000	715.544851
139.000000	715.544851
140.000000	715.544851
141.000000	746.658426
142.000000	822.435528
143.000000	902.521994
144.000000	975.687723
145.000000	1033.948839
146.000000	1061.520024
147.000000	1061.520024
148.000000	1061.520024
149.000000	1061.520024
150.000000	1061.520024
151.000000	1061.520024
152.000000	1061.520024
153.000000	1061.520024
154.000000	1061.520024
155.000000	1061.520024
156.000000	1061.520024
157.000000	1061.520024
158.000000	1061.520024
159.000000	1061.520024
160.000000	1061.520024
161.000000	1061.520024
162.000000	1061.520024
163.000000	1061.520024
164.000000	1061.520024
165.000000	1061.520024
166.000000	1061.520024
167.000000	1061.520024
168.000000	1061.520024
169.000000	1061.520024
170.000000	1052.892466
171.000000	1015.576778
172.000000	963.130874
173.000000	900.300635
174.000000	830.207783
175.000000	755.918692
176.000000	681.435146
177.000000	614.129106
178.000000	584.011100
179.000000	584.011100
180.000000	584.011100
181.000000	584.011100
182.000000	584.011100
183.000000	614.129106
184.000000	681.435146
185.000000	755.918692
186.000000	830.207783
187.000000	900.300635
188.000000	963.130874
189.000000	1015.576778
190.000000	1052.892466
191.000000	1061.520024
192.000000	1061.520024
193.000000	1061.520024
194.000000	1061.520024
195.000000	1061.520024
196.000000	1061.520024
197.000000	1061.520024
198.000000	1061.520024
199.000000	1061.520024
200.000000	1061.520024
201.000000	1061.520024
202.000000	1061.520024
203.000000	1061.520024
204.000000	1061.520024
205.000000	1061.520024
206.000000	1061.520024
207.000000	1061.520024
208.000000	1061.520024
209.000000	1061.520024
210.000000	1061.520024
211.000000	1061.520024
212.000000	1061.520024
213.000000	1061.520024
214.000000	1061.520024
215.000000	1061.520024
216.000000	1061.520024
217.000000	1061.520024
218.000000	1061.520024
219.000000	1061.520024
220.000000	1053.891785
221.000000	1009.699153
222.000000	946.573693
223.000000	872.142313
224.000000	792.647648
225.000000	717.564086
226.000000	681.732720
227.000000	681.732720
228.000000	681.732720
229.000000	681.732720
230.000000	681.732720
231.000000	714.362225
232.000000	788.815920
233.000000	868.366454
234.000000	943.192447
235.000000	1007.006960
236.000000	1052.401361
237.000000	1061.520024
238.000000	1061.520024
239.000000	1061.520024
240.000000	1061.520024
241.000000	1061.520024
242.000000	1061.520024
243.000000	1061.520024
244.000000	1061.520024
245.000000	1061.520024
246.000000	1061.520024
247.000000	1061.520024
248.000000	1061.520024
249.000000	1061.520024
250.000000	1061.520024
251.000000	1061.520024
252.000000	1061.520024
253.000000	1061.520024
254.000000	1061.520024
255.000000	1061.520024
256.000000	1061.520024
257.000000	1061.520024
258.000000	1061.520024
259.000000	1061.520024
260.000000	1061.520024
261.000000	1061.520024
262.000000	1061.520024
263.000000	1061.520024
264.000000	1061.520024
265.000000	1061.520024
266.000000	1053.870022
267.000000	1017.276201
268.000000	965.282356
269.000000	902.771274
270.000000	832.887966
271.000000	758.686458
272.000000	684.111842
273.000000	616.315991
274.000000	584.078001
275.000000	584.078001
276.000000	584.078001
277.000000	584.078001
278.000000	584.078001
279.000000	612.115759
280.000000	678.918466
281.000000	753.312541
282.000000	827.689877
283.000000	897.987484
284.000000	961.123156
285.000000	1013.992534
286.000000	1051.963910
287.000000	1061.520024
288.000000	1061.520024
289.000000	1061.520024
290.000000	1061.520024
291.000000	1061.520024
292.000000	1061.520024
293.000000	1061.520024
294.000000	1061.520024
295.000000	1061.520024
296.000000	1061.520024
297.000000	1061.520024
298.000000	1061.520024
299.000000	1061.520024
300.000000	1061.520024
301.000000	1061.520024
302.000000	1061.520024
303.000000	1061.520024
304.000000	1061.520024
305.000000	1061.520024
306.000000	1061.520024
307.000000	1061.520024
308.000000	1061.520024
309.000000	1061.520024
310.000000	1061.520024
311.000000	1035.375240
312.000000	977.711282
313.000000	904.880724
314.000000	824.876348
315.000000	748.685768
316.000000	715.516503
317.000000	715.516503
318.000000	715.516503
319.000000	715.516503
320.000000	715.516503
321.000000	753.231304
322.000000	830.233829
323.000000	910.028561
324.000000	982.104380
325.000000	1038.423677
326.000000	1061.520024
327.000000	1061.520024
328.000000	1061.520024
329.000000	1059.855851
330.000000	1010.630721
331.000000	936.189640
332.000000	861.561546
333.000000	844.057897
334.000000	844.057897
335.000000	844.057897
336.000000	844.057897
337.000000	844.239955
338.000000	904.343531
339.000000	942.512698
340.000000	916.952279
341.000000	917.821860
342.000000	917.821860
343.000000	912.225402
344.000000	886.152708
345.000000	903.776643
346.000000	941.285426
347.000000	935.745088
348.000000	929.741673
349.000000	932.101409
350.000000	953.861756
351.000000	942.833121
352.000000	930.931635
353.000000	886.824273
354.000000	833.411191
355.000000	764.074194
356.000000	736.927390
357.000000	573.224979
358.000000	510.655325
359.000000	510.655325
