0.000000	842.695440
1.000000	842.695440
2.000000	842.695440
3.000000	842.695440
4.000000	842.695440
5.000000	842.695440
6.000000	842.695440
7.000000	842.695440
8.000000	842.695440
9.000000	842.695440
10.000000	842.695440
11.000000	842.695440
12.000000	842.695440
13.000000	842.695440
14.000000	842.695440
15.000000	842.695440
16.000000	842.695440
17.000000	842.695440
18.000000	842.695440
19.000000	842.695440
20.000000	842.695440
21.000000	842.695440
22.000000	842.695440
23.000000	842.695440
24.000000	842.695440
25.000000	842.695440
26.000000	842.695440
27.000000	842.695440
28.000000	842.695440
29.000000	842.695440
30.000000	842.695440
31.000000	842.695440
32.000000	842.695440
33.000000	842.695440
34.000000	842.695440
35.000000	842.695440
36.000000	842.695440
37.000000	842.695440
38.000000	842.695440
39.000000	842.695440
40.000000	842.695440
41.000000	842.695440
42.000000	842.695440
43.000000	842.695440
44.000000	842.695440
45.000000	842.695440
46.000000	842.695440
47.000000	842.695440
48.000000	842.695440
49.000000	842.695440
50.000000	842.695440
51.000000	842.695440
52.000000	842.695440
53.000000	842.695440
54.000000	842.695440
55.000000	842.695440
56.000000	842.695440
57.000000	842.695440
58.000000	842.695440
59.000000	842.695440
60.000000	842.695440
61.000000	842.695440
62.000000	842.695440
63.000000	842.695440
64.000000	842.695440
65.000000	842.695440
66.000000	842.695440
67.000000	842.695440
68.000000	842.695440
69.000000	842.695440
70.000000	842.695440
71.000000	842.695440
72.000000	842.695440
73.000000	842.695440
74.000000	842.695440
75.000000	842.695440
76.000000	842.695440
77.000000	842.695440
78.000000	842.695440
79.000000	842.695440
80.000000	842.695440
81.000000	842.695440
82.000000	842.695440
83.000000	842.695440
84.000000	842.695440
85.000000	842.695440
86.000000	842.695440
87.000000	842.695440
88.000000	842.695440
89.000000	842.695440
90.000000	842.695440
91.000000	842.695440
92.000000	842.695440
93.000000	842.695440
94.000000	842.695440
95.000000	842.695440
96.000000	842.695440
97.000000	842.695440
98.000000	842.695440
99.000000	842.695440
100.000000	842.695440
101.000000	842.695440
102.000000	842.695440
103.000000	842.695440
104.000000	842.695440
105.000000	842.695440
106.000000	842.695440
107.000000	842.695440
108.000000	842.695440
109.000000	842.695440
110.000000	842.695440
111.000000	842.695440
112.000000	842.695440
113.000000	842.695440
114.000000	842.695440
115.000000	842.695440
116.000000	842.695440
117.000000	842.695440
118.000000	842.695440
119.000000	842.695440
120.000000	842.695440
121.000000	842.695440
122.000000	842.695440
123.000000	842.695440
124.000000	842.695440
125.000000	842.695440
126.000000	842.695440
127.000000	842.695440
128.000000	842.695440
129.000000	842.695440
130.000000	842.695440
131.000000	842.695440
132.000000	842.695440
133.000000	842.695440
134.000000	842.695440
135.000000	842.695440
136.000000	842.695440
137.000000	842.695440
138.000000	842.695440
139.000000	842.695440
140.000000	842.695440
141.000000	842.695440
142.000000	842.695440
143.000000	842.695440
144.000000	842.695440
145.000000	842.695440
146.000000	842.695440
147.000000	842.695440
148.000000	842.695440
149.000000	842.695440
150.000000	842.695440
151.000000	842.695440
152.000000	842.695440
153.000000	842.695440
154.000000	842.695440
155.000000	842.695440
156.000000	842.695440
157.000000	842.695440
158.000000	842.695440
159.000000	842.695440
160.000000	842.695440
161.000000	842.695440
162.000000	842.695440
163.000000	842.695440
164.000000	842.695440
165.000000	842.695440
166.000000	842.695440
167.000000	842.695440
168.000000	842.695440
169.000000	842.695440
170.000000	842.695440
171.000000	842.695440
172.000000	842.695440
173.000000	842.695440
174.000000	842.695440
175.000000	842.695440
176.000000	842.695440
177.000000	842.695440
178.000000	842.695440
179.000000	842.695440
180.000000	842.695440
181.000000	842.695440
182.000000	842.695440
183.000000	842.695440
184.000000	842.695440
185.000000	842.695440
186.000000	842.695440
187.000000	842.695440
188.000000	842.695440
189.000000	842.695440
190.000000	842.695440
191.000000	842.695440
192.000000	842.695440
193.000000	842.695440
194.000000	842.695440
195.000000	842.695440
196.000000	842.695440
197.000000	842.695440
198.000000	842.695440
199.000000	842.695440
200.000000	842.695440
201.000000	842.695440
202.000000	842.695440
203.000000	842.695440
204.000000	842.695440
205.000000	842.695440
206.000000	842.695440
207.000000	842.695440
208.000000	842.695440
209.000000	842.695440
210.000000	842.695440
211.000000	842.695440
212.000000	842.695440
213.000000	842.695440
214.000000	842.695440
215.000000	842.695440
216.000000	842.695440
217.000000	842.695440
218.000000	842.695440
219.000000	842.695440
220.000000	842.695440
221.000000	842.695440
222.000000	842.695440
223.000000	842.695440
224.000000	842.695440
225.000000	842.695440
226.000000	842.695440
227.000000	842.695440
228.000000	842.695440
229.000000	842.695440
230.000000	842.695440
231.000000	842.695440
232.000000	842.695440
233.000000	842.695440
234.000000	842.695440
235.000000	842.695440
236.000000	842.695440
237.000000	842.695440
238.000000	842.695440
239.000000	842.695440
240.000000	842.695440
241.000000	842.695440
242.000000	842.695440
243.000000	842.695440
244.000000	842.695440
245.000000	842.695440
246.000000	842.695440
247.000000	842.695440
248.000000	842.695440
249.000000	842.695440
250.000000	842.695440
251.000000	842.695440
252.000000	842.695440
253.000000	842.695440
254.000000	842.695440
255.000000	842.695440
256.000000	842.695440
257.000000	842.695440
258.000000	842.695440
259.000000	842.695440
260.000000	842.695440
261.000000	842.695440
262.000000	842.695440
263.000000	842.695440
264.000000	842.695440
265.000000	842.695440
266.000000	842.695440
267.000000	842.695440
268.000000	842.695440
269.000000	842.695440
270.000000	842.695440
271.000000	842.695440
272.000000	842.695440
273.000000	842.695440
274.000000	842.695440
275.000000	842.695440
276.000000	842.695440
277.000000	842.695440
278.000000	842.695440
279.000000	842.695440
280.000000	842.695440
281.000000	842.695440
282.000000	842.695440
283.000000	842.695440
284.000000	842.695440
285.000000	842.695440
286.000000	842.695440
287.000000	842.695440
288.000000	842.695440
289.000000	842.695440
290.000000	842.695440
291.000000	842.695440
292.000000	842.695440
293.000000	842.695440
294.000000	842.695440
295.000000	842.695440
296.000000	842.695440
297.000000	842.695440
298.000000	842.695440
299.000000	842.695440
300.000000	842.695440
301.000000	842.695440
302.000000	842.695440
303.000000	842.695440
304.000000	842.695440
305.000000	842.695440
306.000000	842.695440
307.000000	842.695440
308.000000	842.695440
309.000000	842.695440
310.000000	842.695440
311.000000	842.695440
312.000000	842.695440
313.000000	842.695440
314.000000	842.695440
315.000000	842.695440
316.000000	842.695440
317.000000	842.695440
318.000000	842.695440
319.000000	842.695440
320.000000	842.695440
321.000000	842.695440
322.000000	842.695440
323.000000	842.695440
324.000000	842.695440
325.000000	842.695440
326.000000	842.695440
327.000000	842.695440
328.000000	842.695440
329.000000	842.695440
330.000000	842.695440
331.000000	842.695440
332.000000	842.695440
333.000000	842.695440
334.000000	842.695440
335.000000	842.695440
336.000000	842.695440
337.000000	842.695440
338.000000	842.695440
339.000000	842.695440
340.000000	842.695440
341.000000	842.695440
342.000000	842.695440
343.000000	842.695440
344.000000	842.695440
345.000000	842.695440
346.000000	842.695440
347.000000	842.695440
348.000000	842.695440
349.000000	842.695440
350.000000	842.695440
351.000000	842.695440
352.000000	842.695440
353.000000	842.695440
354.000000	842.695440
355.000000	842.695440
356.000000	842.695440
357.000000	842.695440
358.000000	842.695440
359.000000	842.695440
