0.000000 379.881145
1.000000 379.881145
2.000000 379.881145
3.000000 429.908835
4.000000 537.443992
5.000000 638.677230
6.000000 728.961862
7.000000 810.122441
8.000000 874.974073
9.000000 891.223887
10.000000 905.813600
11.000000 903.684760
12.000000 856.218835
13.000000 868.545564
14.000000 864.265001
15.000000 875.032135
16.000000 601.242474
17.000000 577.726913
18.000000 600.322343
19.000000 601.777390
20.000000 592.934559
21.000000 588.936148
22.000000 622.674914
23.000000 649.793566
24.000000 603.745100
25.000000 524.652823
26.000000 507.374241
27.000000 510.687274
28.000000 511.204185
29.000000 508.228498
30.000000 501.776507
31.000000 573.476093
32.000000 629.255806
33.000000 612.778531
34.000000 612.105691
35.000000 613.234844
36.000000 616.171932
37.000000 601.720904
38.000000 606.378207
39.000000 644.886481
40.000000 653.636321
41.000000 642.851674
42.000000 624.486872
43.000000 569.687169
44.000000 495.392804
45.000000 416.066342
46.000000 344.653606
47.000000 344.794287
48.000000 344.794287
49.000000 344.794287
50.000000 344.794287
51.000000 382.764047
52.000000 452.031804
53.000000 524.066203
54.000000 581.433452
55.000000 602.231341
56.000000 614.959436
57.000000 610.628838
58.000000 571.821317
59.000000 563.166837
60.000000 575.590297
61.000000 575.045995
62.000000 571.097816
63.000000 572.026498
64.000000 594.401742
65.000000 541.864929
66.000000 466.622171
67.000000 471.170916
68.000000 471.391558
69.000000 471.391558
70.000000 471.161742
71.000000 480.469392
72.000000 558.404800
73.000000 614.620117
74.000000 593.168277
75.000000 548.217376
76.000000 603.779689
77.000000 616.355538
78.000000 615.275211
79.000000 596.010775
80.000000 616.217123
81.000000 663.389782
82.000000 656.247546
83.000000 650.675252
84.000000 640.312912
85.000000 670.933647
86.000000 683.442378
87.000000 676.416559
88.000000 667.254243
89.000000 615.775980
90.000000 555.894103
91.000000 479.155339
92.000000 406.719272
93.000000 330.778383
94.000000 284.974501
95.000000 284.974501
96.000000 284.974501
97.000000 284.974501
98.000000 284.974501
99.000000 324.108292
100.000000 400.237442
101.000000 471.570968
102.000000 549.049450
103.000000 608.662384
104.000000 660.022604
105.000000 676.774971
106.000000 1005.426924
107.000000 966.050512
108.000000 961.774571
109.000000 969.308330
110.000000 975.453138
111.000000 930.691479
112.000000 909.893360
113.000000 941.034952
114.000000 947.820088
115.000000 947.820088
116.000000 946.734827
117.000000 977.407053
118.000000 931.022013
119.000000 859.788837
120.000000 859.670850
121.000000 859.670850
122.000000 859.670850
123.000000 859.670850
124.000000 880.925300
125.000000 970.241087
126.000000 1068.760351
127.000000 1135.113219
128.000000 1137.226382
129.000000 1137.226382
130.000000 1137.226382
131.000000 1107.711662
132.000000 1032.750252
133.000000 941.253223
134.000000 846.303347
135.000000 754.573979
136.000000 807.802790
137.000000 807.802790
138.000000 807.802790
139.000000 807.802790
140.000000 807.802790
141.000000 844.355379
142.000000 933.305801
143.000000 1032.855272
144.000000 1128.978072
145.000000 1206.503290
146.000000 1243.579853
147.000000 1243.579853
148.000000 1243.579853
149.000000 1243.579853
150.000000 1243.579853
151.000000 1243.579853
152.000000 1243.579853
153.000000 1243.579853
154.000000 1243.579853
155.000000 1243.579853
156.000000 1243.579853
157.000000 1243.579853
158.000000 1243.579853
159.000000 1243.579853
160.000000 1243.579853
161.000000 1243.579853
162.000000 1243.579853
163.000000 1243.579853
164.000000 1243.579853
165.000000 1243.579853
166.000000 1347.219697
167.000000 1347.219697
168.000000 1347.219697
169.000000 1347.219697
170.000000 1336.361626
171.000000 1289.348889
172.000000 1220.987084
173.000000 1139.951712
174.000000 1050.289034
175.000000 957.744218
176.000000 871.654383
177.000000 793.279699
178.000000 757.903194
179.000000 757.903194
180.000000 757.903194
181.000000 757.903194
182.000000 757.903194
183.000000 793.279699
184.000000 871.654383
185.000000 957.744218
186.000000 1050.289034
187.000000 1139.951712
188.000000 1220.987084
189.000000 1289.348889
190.000000 1336.361626
191.000000 1347.219697
192.000000 1347.219697
193.000000 1347.219697
194.000000 1347.219697
195.000000 1347.219697
196.000000 1440.740395
197.000000 1440.740395
198.000000 1440.740395
199.000000 1440.740395
200.000000 1440.740395
201.000000 1440.740395
202.000000 1440.740395
203.000000 1440.740395
204.000000 1440.740395
205.000000 1440.740395
206.000000 1440.740395
207.000000 1440.740395
208.000000 1440.740395
209.000000 1440.740395
210.000000 1440.740395
211.000000 1440.740395
212.000000 1440.740395
213.000000 1440.740395
214.000000 1440.740395
215.000000 1440.740395
216.000000 1440.740395
217.000000 1440.740395
218.000000 1440.740395
219.000000 1440.740395
220.000000 1431.345980
221.000000 1377.291413
222.000000 1301.009581
223.000000 1207.649138
224.000000 1108.394906
225.000000 1014.785869
226.000000 844.757901
227.000000 844.757901
228.000000 844.757901
229.000000 844.757901
230.000000 844.757901
231.000000 882.715577
232.000000 969.084906
233.000000 1070.170365
234.000000 1166.816839
235.000000 1250.183732
236.000000 1309.499730
237.000000 1321.033902
238.000000 1321.033902
239.000000 1321.033902
240.000000 1321.033902
241.000000 1321.033902
242.000000 1321.033902
243.000000 1321.033902
244.000000 1321.033902
245.000000 1321.033902
246.000000 1321.033902
247.000000 1321.033902
248.000000 1321.033902
249.000000 1321.033902
250.000000 1321.033902
251.000000 1321.033902
252.000000 1321.033902
253.000000 1321.033902
254.000000 1321.033902
255.000000 1321.033902
256.000000 1231.762800
257.000000 1231.762800
258.000000 1231.762800
259.000000 1231.762800
260.000000 1231.762800
261.000000 1231.762800
262.000000 1231.762800
263.000000 1231.762800
264.000000 1231.762800
265.000000 1231.762800
266.000000 1221.432225
267.000000 1172.305605
268.000000 1103.225904
269.000000 1021.050935
270.000000 934.480930
271.000000 847.236507
272.000000 759.429551
273.000000 681.119672
274.000000 649.913727
275.000000 649.913727
276.000000 649.913727
277.000000 649.913727
278.000000 649.913727
279.000000 677.065793
280.000000 753.296019
281.000000 840.919540
282.000000 928.362352
283.000000 1014.793408
284.000000 1097.731594
285.000000 1167.919301
286.000000 1481.516762
287.000000 1493.111985
288.000000 1493.111985
289.000000 1493.111985
290.000000 1493.111985
291.000000 1493.111985
292.000000 1493.111985
293.000000 1493.111985
294.000000 1493.111985
295.000000 1493.111985
296.000000 1493.111985
297.000000 1493.111985
298.000000 1493.111985
299.000000 1493.111985
300.000000 1493.111985
301.000000 1493.111985
302.000000 1493.111985
303.000000 1493.111985
304.000000 1493.111985
305.000000 1493.111985
306.000000 1493.111985
307.000000 1493.111985
308.000000 1493.111985
309.000000 1493.111985
310.000000 1493.111985
311.000000 1461.459610
312.000000 1392.366703
313.000000 1306.211122
314.000000 1208.066799
315.000000 1114.467521
316.000000 1293.165961
317.000000 1293.165961
318.000000 1293.165961
319.000000 1293.165961
320.000000 1293.165961
321.000000 1334.628112
322.000000 1418.940657
323.000000 1506.703268
324.000000 1586.780525
325.000000 1635.998548
326.000000 1655.121726
327.000000 1655.121726
328.000000 1655.121726
329.000000 1653.739772
330.000000 1613.137678
331.000000 1535.657049
332.000000 1453.318455
333.000000 1434.101114
334.000000 1434.101114
335.000000 1434.101114
336.000000 1434.101114
337.000000 1434.300863
338.000000 1500.425588
339.000000 1542.672673
340.000000 1514.355319
341.000000 1515.316900
342.000000 1515.316900
343.000000 1509.130408
344.000000 1480.368593
345.000000 1499.799861
346.000000 896.977945
347.000000 890.301981
348.000000 883.074712
349.000000 885.914688
350.000000 911.199747
351.000000 893.272954
352.000000 872.468823
353.000000 808.230970
354.000000 729.469306
355.000000 638.481716
356.000000 537.374589
357.000000 429.908835
358.000000 379.881145
359.000000 379.881145
