0.000000 37067.247724
1.000000 37067.247724
2.000000 37067.247724
3.000000 40293.785326
4.000000 47544.980725
5.000000 55166.535326
6.000000 62557.602678
7.000000 69219.253745
8.000000 75056.639216
9.000000 78441.421310
10.000000 80810.687032
11.000000 80481.987131
12.000000 78226.823698
13.000000 78607.864285
14.000000 78617.368481
15.000000 78563.284087
16.000000 54576.997056
17.000000 53253.050753
18.000000 54248.170548
19.000000 54366.241458
20.000000 54048.459338
21.000000 53918.728642
22.000000 55818.456169
23.000000 57034.003013
24.000000 53393.942168
25.000000 48860.378597
26.000000 47880.943144
27.000000 47935.918713
28.000000 47946.354208
29.000000 47910.164378
30.000000 47759.813457
31.000000 51447.903551
32.000000 55466.636123
33.000000 55970.382513
34.000000 56403.382238
35.000000 56456.816962
36.000000 56531.077372
37.000000 56024.026346
38.000000 56234.722921
39.000000 58539.529229
40.000000 59674.856330
41.000000 57545.085166
42.000000 54353.957405
43.000000 49855.760789
44.000000 44845.312027
45.000000 39952.441601
46.000000 34664.496874
47.000000 34666.042358
48.000000 34666.042358
49.000000 34666.042358
50.000000 34665.887213
51.000000 36378.729002
52.000000 40637.194316
53.000000 45215.197864
54.000000 49514.955261
55.000000 52628.861281
56.000000 54952.975520
57.000000 54341.373466
58.000000 52257.968887
59.000000 51861.268261
60.000000 52238.891631
61.000000 52314.276773
62.000000 52233.696173
63.000000 51786.047550
64.000000 51574.484883
65.000000 48221.121050
66.000000 44640.463070
67.000000 44644.558342
68.000000 44664.109903
69.000000 44663.030584
70.000000 44638.981125
71.000000 45157.195962
72.000000 49041.679363
73.000000 52691.006898
74.000000 52260.346092
75.000000 50418.097895
76.000000 55795.778056
77.000000 56123.791071
78.000000 56043.931944
79.000000 55256.005858
80.000000 56127.618852
81.000000 58718.990216
82.000000 59236.618477
83.000000 59134.724641
84.000000 58926.850464
85.000000 60475.781992
86.000000 61059.279843
87.000000 58889.489049
88.000000 55905.065389
89.000000 51271.585978
90.000000 46407.401924
91.000000 41291.227399
92.000000 36221.444474
93.000000 31703.370978
94.000000 29522.997283
95.000000 29522.997283
96.000000 29522.997283
97.000000 29522.997283
98.000000 29522.997283
99.000000 31237.678023
100.000000 35632.279224
101.000000 40658.978375
102.000000 45795.097717
103.000000 50656.595846
104.000000 55285.296436
105.000000 58589.538818
106.000000 89057.837020
107.000000 87732.615648
108.000000 87276.698443
109.000000 87378.908200
110.000000 86789.451412
111.000000 83895.378178
112.000000 82541.518132
113.000000 83770.012081
114.000000 83938.096522
115.000000 83661.223922
116.000000 83374.112744
117.000000 84183.247722
118.000000 80803.626286
119.000000 75646.204761
120.000000 75838.357212
121.000000 75914.658079
122.000000 75898.610390
123.000000 75712.613775
124.000000 77096.083182
125.000000 81598.383363
126.000000 84623.250673
127.000000 86222.522240
128.000000 85937.343016
129.000000 85839.418451
130.000000 85635.263302
131.000000 86971.716888
132.000000 84576.920084
133.000000 78604.333176
134.000000 71710.329873
135.000000 63634.209947
136.000000 66763.550422
137.000000 66775.296371
138.000000 66775.384076
139.000000 66774.350567
140.000000 66758.403063
141.000000 71198.248184
142.000000 79830.170878
143.000000 86991.966836
144.000000 93068.817052
145.000000 95388.497203
146.000000 93773.934265
147.000000 94004.058735
148.000000 94075.219035
149.000000 94364.715168
150.000000 92747.254455
151.000000 89637.429735
152.000000 84765.824326
153.000000 83106.913117
154.000000 83346.956548
155.000000 83374.991924
156.000000 83260.349598
157.000000 82952.495100
158.000000 88511.169470
159.000000 92090.312378
160.000000 90792.730625
161.000000 91099.947942
162.000000 91415.444561
163.000000 91284.773480
164.000000 89749.049487
165.000000 91144.348518
166.000000 102931.517618
167.000000 103343.774098
168.000000 103266.806954
169.000000 103644.923871
170.000000 105190.710483
171.000000 102887.774447
172.000000 99224.058629
173.000000 93066.505877
174.000000 85603.228386
175.000000 76505.927870
176.000000 65816.140051
177.000000 55268.409436
178.000000 50327.029795
179.000000 50327.029795
180.000000 50327.029795
181.000000 50327.029795
182.000000 50327.029795
183.000000 55239.784447
184.000000 65783.339871
185.000000 76482.407059
186.000000 85570.406988
187.000000 93114.891189
188.000000 99366.717766
189.000000 102835.772991
190.000000 105226.372107
191.000000 104896.859138
192.000000 102582.588755
193.000000 102973.331134
194.000000 102984.930242
195.000000 102940.146013
196.000000 107653.993665
197.000000 105866.680190
198.000000 107204.796066
199.000000 107358.254774
200.000000 106942.518151
201.000000 106773.645093
202.000000 109278.764830
203.000000 110836.518225
204.000000 106142.896946
205.000000 99522.288604
206.000000 97935.253013
207.000000 98015.145793
208.000000 98029.657675
209.000000 97978.324289
210.000000 97747.633665
211.000000 103416.240536
212.000000 108872.713931
213.000000 109459.918972
214.000000 109882.978305
215.000000 109950.130726
216.000000 110038.853495
217.000000 109394.733688
218.000000 109667.301880
219.000000 112512.216452
220.000000 113789.823986
221.000000 111444.087700
222.000000 107480.789093
223.000000 101252.586893
224.000000 93134.186610
225.000000 83662.367875
226.000000 68669.936916
227.000000 68672.746333
228.000000 68672.746333
229.000000 68672.746333
230.000000 68672.476483
231.000000 72741.789747
232.000000 81816.709444
233.000000 90054.337181
234.000000 96765.944957
235.000000 101086.092942
236.000000 103992.838979
237.000000 103177.235793
238.000000 100358.823807
239.000000 99795.193330
240.000000 100330.228130
241.000000 100442.569307
242.000000 100332.073525
243.000000 99777.617996
244.000000 99583.094341
245.000000 94637.983413
246.000000 88719.792694
247.000000 88711.791451
248.000000 88741.719936
249.000000 88740.099715
250.000000 88703.393994
251.000000 89628.594660
252.000000 95919.198153
253.000000 101126.834729
254.000000 100490.313353
255.000000 97829.968041
256.000000 90527.689939
257.000000 90950.572056
258.000000 90845.987620
259.000000 89797.955883
260.000000 90977.281558
261.000000 94292.113975
262.000000 94878.145302
263.000000 94745.605581
264.000000 94482.414613
265.000000 96388.235658
266.000000 97074.018416
267.000000 94577.560340
268.000000 90979.676583
269.000000 84795.708501
270.000000 77657.207647
271.000000 69312.291498
272.000000 59992.564807
273.000000 51272.347865
274.000000 46835.934752
275.000000 46835.934752
276.000000 46835.934752
277.000000 46835.934752
278.000000 46835.934752
279.000000 50333.777912
280.000000 58893.657309
281.000000 68208.006463
282.000000 76707.792024
283.000000 83927.060327
284.000000 90189.240295
285.000000 94230.611531
286.000000 118298.162928
287.000000 117117.607620
288.000000 116706.744937
289.000000 116800.224691
290.000000 116278.504885
291.000000 113534.255549
292.000000 112210.112582
293.000000 113383.630451
294.000000 113549.003144
295.000000 113296.668994
296.000000 113037.250628
297.000000 113828.304590
298.000000 110441.171371
299.000000 105169.322408
300.000000 105358.078482
301.000000 105432.659295
302.000000 105417.360253
303.000000 105232.725099
304.000000 106671.098314
305.000000 111256.704075
306.000000 114224.212981
307.000000 115694.361089
308.000000 115429.529680
309.000000 115333.126183
310.000000 115147.923180
311.000000 116444.880054
312.000000 114219.644245
313.000000 108221.405782
314.000000 100952.254533
315.000000 91659.200926
316.000000 101917.992344
317.000000 101929.778553
318.000000 101929.857683
319.000000 101928.907767
320.000000 101911.686615
321.000000 107033.779849
322.000000 116269.932808
323.000000 123186.742039
324.000000 128261.391445
325.000000 130026.823408
326.000000 128732.917212
327.000000 128912.329980
328.000000 128970.318367
329.000000 129208.941517
330.000000 127990.943245
331.000000 125436.913020
332.000000 121069.690102
333.000000 119477.705329
334.000000 119695.941382
335.000000 119720.125431
336.000000 119618.301656
337.000000 119336.070070
338.000000 124454.440488
339.000000 127465.922592
340.000000 126380.781204
341.000000 126619.301797
342.000000 126876.575881
343.000000 126768.251369
344.000000 125496.034497
345.000000 126662.061361
346.000000 78553.691664
347.000000 78964.944317
348.000000 78889.746121
349.000000 79254.460137
350.000000 80766.026945
351.000000 78487.763804
352.000000 74917.207156
353.000000 69173.552882
354.000000 62585.621563
355.000000 55183.829930
356.000000 47566.362341
357.000000 40312.617638
358.000000 37067.247724
359.000000 37067.247724
