0.000000 372.740906
1.000000 372.740906
2.000000 372.740906
3.000000 424.062884
4.000000 532.565747
5.000000 640.103715
6.000000 739.032822
7.000000 823.069684
8.000000 891.576601
9.000000 908.167352
10.000000 923.511163
11.000000 921.120248
12.000000 870.171936
13.000000 883.738654
14.000000 879.028083
15.000000 891.317624
16.000000 593.123871
17.000000 568.076975
18.000000 592.074769
19.000000 593.636946
20.000000 584.171574
21.000000 579.903003
22.000000 616.438679
23.000000 646.949462
24.000000 595.861805
25.000000 514.376226
26.000000 497.641037
27.000000 500.797388
28.000000 501.291158
29.000000 498.454359
30.000000 492.328040
31.000000 563.745113
32.000000 623.838067
33.000000 605.574436
34.000000 604.877973
35.000000 606.109574
36.000000 609.327624
37.000000 593.617399
38.000000 598.669138
39.000000 641.359517
40.000000 651.406667
41.000000 638.993846
42.000000 618.493106
43.000000 559.818294
44.000000 486.265740
45.000000 406.200664
46.000000 338.411401
47.000000 338.524455
48.000000 338.524455
49.000000 338.524455
50.000000 338.524455
51.000000 372.396969
52.000000 444.257401
53.000000 512.463973
54.000000 570.631435
55.000000 592.391278
56.000000 606.243428
57.000000 601.513581
58.000000 560.248111
59.000000 551.344566
60.000000 564.359361
61.000000 563.784152
62.000000 559.625469
63.000000 560.599191
64.000000 584.253734
65.000000 530.000851
66.000000 458.814625
67.000000 462.817699
68.000000 463.014244
69.000000 463.014244
70.000000 462.809529
71.000000 471.301847
72.000000 546.648971
73.000000 606.094837
74.000000 582.863045
75.000000 536.224726
76.000000 595.970384
77.000000 609.820387
78.000000 608.622063
79.000000 587.524371
80.000000 609.385722
81.000000 663.384984
82.000000 655.107064
83.000000 648.653104
84.000000 636.755735
85.000000 672.300555
86.000000 687.139146
87.000000 678.585591
88.000000 667.454889
89.000000 609.252266
90.000000 545.885309
91.000000 471.214212
92.000000 396.657475
93.000000 327.298682
94.000000 292.950723
95.000000 292.950723
96.000000 292.950723
97.000000 292.950723
98.000000 292.950723
99.000000 321.985729
100.000000 390.164377
101.000000 464.292224
102.000000 538.921375
103.000000 601.451182
104.000000 659.030439
105.000000 678.975200
106.000000 1031.563560
107.000000 989.569002
108.000000 984.724084
109.000000 993.262801
110.000000 1000.235494
111.000000 949.631820
112.000000 926.298224
113.000000 961.282656
114.000000 968.940502
115.000000 968.940502
116.000000 967.714886
117.000000 1002.454111
118.000000 950.003681
119.000000 870.704265
120.000000 870.574538
121.000000 870.574538
122.000000 870.574538
123.000000 870.574538
124.000000 894.038523
125.000000 994.320769
126.000000 1096.869072
127.000000 1165.443623
128.000000 1167.621955
129.000000 1167.621955
130.000000 1167.621955
131.000000 1137.157467
132.000000 1059.613546
133.000000 961.528820
134.000000 855.917360
135.000000 757.860205
136.000000 806.118772
137.000000 806.118772
138.000000 806.118772
139.000000 806.118772
140.000000 806.118772
141.000000 846.301317
142.000000 946.672282
143.000000 1055.692443
144.000000 1156.898451
145.000000 1237.912739
146.000000 1276.221754
147.000000 1276.221754
148.000000 1276.221754
149.000000 1276.221754
150.000000 1276.221754
151.000000 1276.221754
152.000000 1276.221754
153.000000 1276.221754
154.000000 1276.221754
155.000000 1276.221754
156.000000 1276.221754
157.000000 1276.221754
158.000000 1276.221754
159.000000 1276.221754
160.000000 1276.221754
161.000000 1276.221754
162.000000 1276.221754
163.000000 1276.221754
164.000000 1276.221754
165.000000 1276.221754
166.000000 1381.737619
167.000000 1381.737619
168.000000 1381.737619
169.000000 1381.737619
170.000000 1370.304463
171.000000 1320.548398
172.000000 1249.964573
173.000000 1164.835231
174.000000 1069.799135
175.000000 969.840972
176.000000 871.327928
177.000000 784.556076
178.000000 746.610565
179.000000 746.610565
180.000000 746.610565
181.000000 746.610565
182.000000 746.610565
183.000000 784.556076
184.000000 871.327928
185.000000 969.840972
186.000000 1069.799135
187.000000 1164.835231
188.000000 1249.964573
189.000000 1320.548398
190.000000 1370.304463
191.000000 1381.737619
192.000000 1381.737619
193.000000 1381.737619
194.000000 1381.737619
195.000000 1381.737619
196.000000 1475.262466
197.000000 1475.262466
198.000000 1475.262466
199.000000 1475.262466
200.000000 1475.262466
201.000000 1475.262466
202.000000 1475.262466
203.000000 1475.262466
204.000000 1475.262466
205.000000 1475.262466
206.000000 1475.262466
207.000000 1475.262466
208.000000 1475.262466
209.000000 1475.262466
210.000000 1475.262466
211.000000 1475.262466
212.000000 1475.262466
213.000000 1475.262466
214.000000 1475.262466
215.000000 1475.262466
216.000000 1475.262466
217.000000 1475.262466
218.000000 1475.262466
219.000000 1475.262466
220.000000 1465.886488
221.000000 1410.932406
222.000000 1330.815068
223.000000 1234.513798
224.000000 1130.326864
225.000000 1031.503876
226.000000 840.903519
227.000000 840.903519
228.000000 840.903519
229.000000 840.903519
230.000000 840.903519
231.000000 883.635064
232.000000 982.990756
233.000000 1091.101389
234.000000 1193.595887
235.000000 1280.853723
236.000000 1342.466231
237.000000 1354.772233
238.000000 1354.772233
239.000000 1354.772233
240.000000 1354.772233
241.000000 1354.772233
242.000000 1354.772233
243.000000 1354.772233
244.000000 1354.772233
245.000000 1354.772233
246.000000 1354.772233
247.000000 1354.772233
248.000000 1354.772233
249.000000 1354.772233
250.000000 1354.772233
251.000000 1354.772233
252.000000 1354.772233
253.000000 1354.772233
254.000000 1354.772233
255.000000 1354.772233
256.000000 1264.275718
257.000000 1264.275718
258.000000 1264.275718
259.000000 1264.275718
260.000000 1264.275718
261.000000 1264.275718
262.000000 1264.275718
263.000000 1264.275718
264.000000 1264.275718
265.000000 1264.275718
266.000000 1253.630151
267.000000 1202.670627
268.000000 1130.355066
269.000000 1044.010831
270.000000 948.962767
271.000000 850.637895
272.000000 755.463983
273.000000 672.914934
274.000000 635.201263
275.000000 635.201263
276.000000 635.201263
277.000000 635.201263
278.000000 635.201263
279.000000 667.941908
280.000000 748.996775
281.000000 843.645920
282.000000 941.976964
283.000000 1037.446092
284.000000 1124.584082
285.000000 1198.097674
286.000000 1514.247685
287.000000 1525.435747
288.000000 1525.435747
289.000000 1525.435747
290.000000 1525.435747
291.000000 1525.435747
292.000000 1525.435747
293.000000 1525.435747
294.000000 1525.435747
295.000000 1525.435747
296.000000 1525.435747
297.000000 1525.435747
298.000000 1525.435747
299.000000 1525.435747
300.000000 1525.435747
301.000000 1525.435747
302.000000 1525.435747
303.000000 1525.435747
304.000000 1525.435747
305.000000 1525.435747
306.000000 1525.435747
307.000000 1525.435747
308.000000 1525.435747
309.000000 1525.435747
310.000000 1525.435747
311.000000 1494.682387
312.000000 1425.361362
313.000000 1335.314762
314.000000 1233.937826
315.000000 1135.774245
316.000000 1312.752306
317.000000 1312.752306
318.000000 1312.752306
319.000000 1312.752306
320.000000 1312.752306
321.000000 1357.264974
322.000000 1445.550823
323.000000 1532.979669
324.000000 1607.988735
325.000000 1663.721759
326.000000 1685.797265
327.000000 1685.797265
328.000000 1685.797265
329.000000 1684.222341
330.000000 1636.547998
331.000000 1560.661844
332.000000 1480.394685
333.000000 1461.006566
334.000000 1461.006566
335.000000 1461.006566
336.000000 1461.006566
337.000000 1461.209275
338.000000 1526.897720
339.000000 1567.275908
340.000000 1540.355070
341.000000 1541.278902
342.000000 1541.278902
343.000000 1535.323612
344.000000 1507.281302
345.000000 1526.289973
346.000000 913.570352
347.000000 906.210281
348.000000 898.260484
349.000000 901.382089
350.000000 929.470194
351.000000 910.417882
352.000000 888.897548
353.000000 821.102359
354.000000 739.553077
355.000000 639.891840
356.000000 532.493797
357.000000 424.062884
358.000000 372.740906
359.000000 372.740906
