0.000000 53437.082792
1.000000 53437.082792
2.000000 53437.082792
3.000000 56048.211752
4.000000 61105.164143
5.000000 65724.980691
6.000000 69825.216340
7.000000 73327.756295
8.000000 76304.104075
9.000000 78001.546641
10.000000 79183.552078
11.000000 79017.982731
12.000000 77877.766231
13.000000 78072.101133
14.000000 78076.775888
15.000000 78054.165762
16.000000 65427.470146
17.000000 64632.254097
18.000000 65235.189620
19.000000 65305.808543
20.000000 65114.442808
21.000000 65035.632578
22.000000 66162.383452
23.000000 66871.827241
24.000000 64778.180483
25.000000 61971.201324
26.000000 61328.587738
27.000000 61365.853485
28.000000 61372.920195
29.000000 61348.379218
30.000000 61246.233971
31.000000 63606.066890
32.000000 65984.579023
33.000000 66239.591970
34.000000 66461.793462
35.000000 66493.384640
36.000000 66537.494632
37.000000 66237.203162
38.000000 66361.344534
39.000000 67683.070190
40.000000 68308.964383
41.000000 67158.704369
42.000000 65374.522806
43.000000 62709.231415
44.000000 59475.261887
45.000000 55890.832375
46.000000 51672.635968
47.000000 51674.180043
48.000000 51674.180043
49.000000 51674.180043
50.000000 51674.025163
51.000000 53247.258076
52.000000 56675.587169
53.000000 59871.292473
54.000000 62583.356852
55.000000 64413.892106
56.000000 65722.269122
57.000000 65368.019262
58.000000 64124.123858
59.000000 63878.977019
60.000000 64114.809123
61.000000 64160.985124
62.000000 64110.905014
63.000000 63864.336655
64.000000 63779.846636
65.000000 61709.176696
66.000000 59297.852733
67.000000 59302.717768
68.000000 59316.850694
69.000000 59316.071488
70.000000 59298.677124
71.000000 59661.973929
72.000000 62230.341750
73.000000 64441.811153
74.000000 64164.217395
75.000000 63015.797498
76.000000 66096.854347
77.000000 66292.059251
78.000000 66244.740275
79.000000 65774.478731
80.000000 66290.545642
81.000000 67774.881934
82.000000 68046.580872
83.000000 67987.598561
84.000000 67867.709643
85.000000 68738.324190
86.000000 69060.333419
87.000000 67903.395111
88.000000 66270.499153
89.000000 63613.643124
90.000000 60641.218472
91.000000 57219.715534
92.000000 53362.232247
93.000000 49256.183749
94.000000 46902.777834
95.000000 46902.777834
96.000000 46902.777834
97.000000 46902.777834
98.000000 46902.777834
99.000000 48777.639319
100.000000 52870.036455
101.000000 56768.460151
102.000000 60249.897624
103.000000 63249.337475
104.000000 65922.779677
105.000000 67742.463005
106.000000 83297.579986
107.000000 82638.500961
108.000000 82411.201104
109.000000 82462.263031
110.000000 82168.522811
111.000000 80722.208239
112.000000 80040.827657
113.000000 80659.893066
114.000000 80744.254651
115.000000 80605.008398
116.000000 80461.217877
117.000000 80869.501206
118.000000 79176.198761
119.000000 76545.440937
120.000000 76645.723925
121.000000 76685.415279
122.000000 76677.062409
123.000000 76580.198897
124.000000 77292.825139
125.000000 79574.956850
126.000000 81087.431662
127.000000 81885.646373
128.000000 81743.018291
129.000000 81694.021438
130.000000 81591.610506
131.000000 82258.659830
132.000000 81066.735201
133.000000 78078.116982
134.000000 74556.513843
135.000000 70223.159818
136.000000 71845.735838
137.000000 71852.378837
138.000000 71852.428434
139.000000 71851.843804
140.000000 71842.824097
141.000000 74244.453464
142.000000 78696.977665
143.000000 82282.136720
144.000000 85307.163047
145.000000 86470.930082
146.000000 85674.212143
147.000000 85788.659120
148.000000 85824.048658
149.000000 85967.543122
150.000000 85154.442158
151.000000 83604.374030
152.000000 81173.714014
153.000000 80339.628531
154.000000 80461.062777
155.000000 80475.240415
156.000000 80417.288838
157.000000 80261.442284
158.000000 83043.932225
159.000000 84825.095768
160.000000 84183.336061
161.000000 84337.991992
162.000000 84494.978447
163.000000 84429.990448
164.000000 83665.393929
165.000000 84360.118392
166.000000 90316.096346
167.000000 90532.770393
168.000000 90494.107755
169.000000 90684.960997
170.000000 91463.699357
171.000000 90271.644189
172.000000 88404.395093
173.000000 85316.394841
174.000000 81602.110095
175.000000 77042.280421
176.000000 71490.431804
177.000000 65539.967955
178.000000 62446.724176
179.000000 62446.724176
180.000000 62446.724176
181.000000 62446.724176
182.000000 62446.724176
183.000000 65522.729662
184.000000 71472.799326
185.000000 77030.354639
186.000000 81585.769329
187.000000 85340.480589
188.000000 88476.221395
189.000000 90245.394051
190.000000 91484.455180
191.000000 91319.593143
192.000000 90150.527590
193.000000 90346.403324
194.000000 90352.335904
195.000000 90320.916411
196.000000 92806.963006
197.000000 91900.264973
198.000000 92577.032305
199.000000 92654.926464
200.000000 92444.446666
201.000000 92359.159419
202.000000 93633.522781
203.000000 94428.694748
204.000000 92008.664154
205.000000 88677.382897
206.000000 87885.861098
207.000000 87925.590505
208.000000 87932.806768
209.000000 87907.280478
210.000000 87792.560051
211.000000 90628.072938
212.000000 93408.254114
213.000000 93732.565186
214.000000 93969.356412
215.000000 94003.591900
216.000000 94048.661085
217.000000 93720.514203
218.000000 93859.733884
219.000000 95330.261813
220.000000 96006.423132
221.000000 94744.457853
222.000000 92670.020555
223.000000 89500.484014
224.000000 85445.925185
225.000000 80705.885919
226.000000 72831.922011
227.000000 72833.518929
228.000000 72833.518929
229.000000 72833.518929
230.000000 72833.365618
231.000000 75035.885588
232.000000 79714.569165
233.000000 83831.495609
234.000000 87175.877876
235.000000 89354.273484
236.000000 90844.274176
237.000000 90430.773559
238.000000 89014.203242
239.000000 88732.801631
240.000000 88999.578486
241.000000 89055.719883
242.000000 89000.600926
243.000000 88713.260231
244.000000 88602.749668
245.000000 86132.892134
246.000000 83184.809110
247.000000 83181.086271
248.000000 83196.104026
249.000000 83195.291090
250.000000 83176.871581
251.000000 83638.811495
252.000000 86770.879394
253.000000 89379.502742
254.000000 89067.303155
255.000000 87742.530785
256.000000 84051.287996
257.000000 84261.953332
258.000000 84209.871946
259.000000 83687.620288
260.000000 84275.076215
261.000000 85925.485335
262.000000 86221.941997
263.000000 86156.182023
264.000000 86025.307467
265.000000 86974.696160
266.000000 87316.544242
267.000000 86057.606674
268.000000 84258.922235
269.000000 81182.265524
270.000000 77609.932314
271.000000 73333.931595
272.000000 68288.931852
273.000000 63068.272023
274.000000 60074.330838
275.000000 60074.330838
276.000000 60074.330838
277.000000 60074.330838
278.000000 60074.330838
279.000000 62459.827614
280.000000 67665.040249
281.000000 72754.717291
282.000000 77130.516263
283.000000 80749.642426
284.000000 83865.389284
285.000000 85883.326420
286.000000 98462.910755
287.000000 97838.243480
288.000000 97619.837062
289.000000 97669.031466
290.000000 97375.984543
291.000000 95927.417803
292.000000 95242.033088
293.000000 95847.619002
294.000000 95933.569623
295.000000 95802.984688
296.000000 95660.783420
297.000000 96052.109670
298.000000 94283.045760
299.000000 91600.834727
300.000000 91695.235362
301.000000 91732.615692
302.000000 91724.950815
303.000000 91632.448853
304.000000 92358.260202
305.000000 94706.800638
306.000000 96271.676057
307.000000 97072.445387
308.000000 96935.252993
309.000000 96884.769644
310.000000 96788.430493
311.000000 97450.023415
312.000000 96236.557233
313.000000 93092.774003
314.000000 89402.069540
315.000000 84767.034875
316.000000 90203.260984
317.000000 90209.121922
318.000000 90209.161271
319.000000 90208.688913
320.000000 90200.125320
321.000000 92773.579073
322.000000 97543.496236
323.000000 101316.429729
324.000000 104255.167716
325.000000 105342.190931
326.000000 104613.539787
327.000000 104716.056746
328.000000 104749.655852
329.000000 104886.236989
330.000000 104138.761670
331.000000 102644.326567
332.000000 100217.892992
333.000000 99361.596108
334.000000 99476.850365
335.000000 99489.619557
336.000000 99435.775480
337.000000 99286.805634
338.000000 102084.430827
339.000000 103812.696062
340.000000 103215.376691
341.000000 103359.634272
342.000000 103505.104816
343.000000 103443.053379
344.000000 102727.022148
345.000000 103385.003330
346.000000 78049.593439
347.000000 78253.214284
348.000000 78215.053159
349.000000 78399.433928
350.000000 79162.102753
351.000000 78025.046025
352.000000 76233.526635
353.000000 73304.044603
354.000000 69840.321036
355.000000 65734.947982
356.000000 61119.001783
357.000000 56062.904358
358.000000 53437.082792
359.000000 53437.082792
