0.000000 610.552796
1.000000 610.552796
2.000000 610.552796
3.000000 653.280955
4.000000 729.942814
5.000000 795.497423
6.000000 850.655204
7.000000 895.118883
8.000000 930.307606
9.000000 938.726405
10.000000 946.483811
11.000000 945.276717
12.000000 919.392411
13.000000 926.318072
14.000000 923.916351
15.000000 930.175916
16.000000 767.761974
17.000000 752.439246
18.000000 767.128279
19.000000 768.071642
20.000000 762.332340
21.000000 759.725384
22.000000 781.676849
23.000000 799.443376
24.000000 769.412604
25.000000 718.013923
26.000000 706.760691
27.000000 708.904838
28.000000 709.239324
29.000000 707.314188
30.000000 703.127647
31.000000 749.746084
32.000000 786.029299
33.000000 775.231891
34.000000 774.816450
35.000000 775.550911
36.000000 777.465884
37.000000 768.059848
38.000000 771.100356
39.000000 796.222955
40.000000 802.000717
41.000000 794.855567
42.000000 782.888245
43.000000 747.293088
44.000000 698.944530
45.000000 639.037382
46.000000 578.208061
47.000000 578.320886
48.000000 578.320886
49.000000 578.320886
50.000000 578.320886
51.000000 610.245952
52.000000 668.715913
53.000000 716.742099
54.000000 754.021181
55.000000 767.319533
56.000000 775.630682
57.000000 772.805618
58.000000 747.562133
59.000000 741.960806
60.000000 750.128782
61.000000 749.770415
62.000000 747.172345
63.000000 747.781792
64.000000 762.382401
65.000000 728.278602
66.000000 679.455588
67.000000 682.357096
68.000000 682.499006
69.000000 682.499006
70.000000 682.351197
71.000000 688.437173
72.000000 738.982352
73.000000 775.542128
74.000000 761.534438
75.000000 732.307181
76.000000 769.477969
77.000000 777.758594
78.000000 777.046528
79.000000 764.371755
80.000000 777.500402
81.000000 808.828817
82.000000 804.116918
83.000000 800.421935
84.000000 793.559403
85.000000 813.870626
86.000000 822.189795
87.000000 817.405028
88.000000 811.134540
89.000000 777.421107
90.000000 738.496319
91.000000 688.374840
92.000000 631.170737
93.000000 566.884589
94.000000 528.523507
95.000000 528.523507
96.000000 528.523507
97.000000 528.523507
98.000000 528.523507
99.000000 561.299154
100.000000 625.706523
101.000000 683.420487
102.000000 734.042506
103.000000 772.768260
104.000000 806.353918
105.000000 817.623600
106.000000 1000.571889
107.000000 979.635375
108.000000 977.214628
109.000000 981.480094
110.000000 984.960394
111.000000 959.634770
112.000000 947.890155
113.000000 965.481302
114.000000 969.318452
115.000000 969.318452
116.000000 968.704611
117.000000 986.067279
118.000000 959.821545
119.000000 919.664663
120.000000 919.598320
121.000000 919.598320
122.000000 919.598320
123.000000 919.598320
124.000000 931.559057
125.000000 982.008319
126.000000 1033.054197
127.000000 1067.236963
128.000000 1068.326285
129.000000 1068.326285
130.000000 1068.326285
131.000000 1053.114982
132.000000 1014.526988
133.000000 965.604716
134.000000 912.085958
135.000000 860.772163
136.000000 886.282962
137.000000 886.282962
138.000000 886.282962
139.000000 886.282962
140.000000 886.282962
141.000000 907.138589
142.000000 958.147867
143.000000 1012.576927
144.000000 1062.966419
145.000000 1103.668652
146.000000 1123.138489
147.000000 1123.138489
148.000000 1123.138489
149.000000 1123.138489
150.000000 1123.138489
151.000000 1123.138489
152.000000 1123.138489
153.000000 1123.138489
154.000000 1123.138489
155.000000 1123.138489
156.000000 1123.138489
157.000000 1123.138489
158.000000 1123.138489
159.000000 1123.138489
160.000000 1123.138489
161.000000 1123.138489
162.000000 1123.138489
163.000000 1123.138489
164.000000 1123.138489
165.000000 1123.138489
166.000000 1177.913130
167.000000 1177.913130
168.000000 1177.913130
169.000000 1177.913130
170.000000 1171.877929
171.000000 1145.915134
172.000000 1109.774988
173.000000 1066.932775
174.000000 1019.592031
175.000000 969.769378
176.000000 919.983572
177.000000 874.953651
178.000000 854.739337
179.000000 854.739337
180.000000 854.739337
181.000000 854.739337
182.000000 854.739337
183.000000 874.953651
184.000000 919.983572
185.000000 969.769378
186.000000 1019.592031
187.000000 1066.932775
188.000000 1109.774988
189.000000 1145.915134
190.000000 1171.877929
191.000000 1177.913130
192.000000 1177.913130
193.000000 1177.913130
194.000000 1177.913130
195.000000 1177.913130
196.000000 1228.493284
197.000000 1228.493284
198.000000 1228.493284
199.000000 1228.493284
200.000000 1228.493284
201.000000 1228.493284
202.000000 1228.493284
203.000000 1228.493284
204.000000 1228.493284
205.000000 1228.493284
206.000000 1228.493284
207.000000 1228.493284
208.000000 1228.493284
209.000000 1228.493284
210.000000 1228.493284
211.000000 1228.493284
212.000000 1228.493284
213.000000 1228.493284
214.000000 1228.493284
215.000000 1228.493284
216.000000 1228.493284
217.000000 1228.493284
218.000000 1228.493284
219.000000 1228.493284
220.000000 1223.312010
221.000000 1193.457745
222.000000 1151.235026
223.000000 1101.949364
224.000000 1049.710257
225.000000 1000.542178
226.000000 904.354568
227.000000 904.354568
228.000000 904.354568
229.000000 904.354568
230.000000 904.354568
231.000000 926.265288
232.000000 976.348247
233.000000 1030.185339
234.000000 1081.339132
235.000000 1125.505131
236.000000 1157.294817
237.000000 1163.722543
238.000000 1163.722543
239.000000 1163.722543
240.000000 1163.722543
241.000000 1163.722543
242.000000 1163.722543
243.000000 1163.722543
244.000000 1163.722543
245.000000 1163.722543
246.000000 1163.722543
247.000000 1163.722543
248.000000 1163.722543
249.000000 1163.722543
250.000000 1163.722543
251.000000 1163.722543
252.000000 1163.722543
253.000000 1163.722543
254.000000 1163.722543
255.000000 1163.722543
256.000000 1117.047920
257.000000 1117.047920
258.000000 1117.047920
259.000000 1117.047920
260.000000 1117.047920
261.000000 1117.047920
262.000000 1117.047920
263.000000 1117.047920
264.000000 1117.047920
265.000000 1117.047920
266.000000 1111.635504
267.000000 1085.897275
268.000000 1049.724311
269.000000 1006.766235
270.000000 959.298696
271.000000 909.371634
272.000000 859.490101
273.000000 814.216835
274.000000 792.657707
275.000000 792.657707
276.000000 792.657707
277.000000 792.657707
278.000000 792.657707
279.000000 811.409978
280.000000 856.021964
281.000000 905.769650
282.000000 955.787330
283.000000 1003.499750
284.000000 1046.849097
285.000000 1083.599503
286.000000 1250.350617
287.000000 1256.724229
288.000000 1256.724229
289.000000 1256.724229
290.000000 1256.724229
291.000000 1256.724229
292.000000 1256.724229
293.000000 1256.724229
294.000000 1256.724229
295.000000 1256.724229
296.000000 1256.724229
297.000000 1256.724229
298.000000 1256.724229
299.000000 1256.724229
300.000000 1256.724229
301.000000 1256.724229
302.000000 1256.724229
303.000000 1256.724229
304.000000 1256.724229
305.000000 1256.724229
306.000000 1256.724229
307.000000 1256.724229
308.000000 1256.724229
309.000000 1256.724229
310.000000 1256.724229
311.000000 1239.315588
312.000000 1201.216839
313.000000 1153.572426
314.000000 1101.658140
315.000000 1052.425364
316.000000 1141.887268
317.000000 1141.887268
318.000000 1141.887268
319.000000 1141.887268
320.000000 1141.887268
321.000000 1165.028121
322.000000 1212.166117
323.000000 1261.049238
324.000000 1305.416193
325.000000 1340.328685
326.000000 1354.727335
327.000000 1354.727335
328.000000 1354.727335
329.000000 1353.688091
330.000000 1323.067459
331.000000 1277.120737
332.000000 1231.341250
333.000000 1220.626096
334.000000 1220.626096
335.000000 1220.626096
336.000000 1220.626096
337.000000 1220.737523
338.000000 1257.560641
339.000000 1281.010118
340.000000 1265.299704
341.000000 1265.833681
342.000000 1265.833681
343.000000 1262.397662
344.000000 1246.405709
345.000000 1257.212841
346.000000 941.460991
347.000000 937.735052
348.000000 933.703372
349.000000 935.287388
350.000000 949.489760
351.000000 939.865857
352.000000 928.944883
353.000000 894.096361
354.000000 850.936145
355.000000 795.374938
356.000000 729.896207
357.000000 653.280955
358.000000 610.552796
359.000000 610.552796
