0.000000 564.349602
1.000000 564.349602
2.000000 564.349602
3.000000 615.722587
4.000000 709.631613
5.000000 789.461457
6.000000 851.071305
7.000000 897.544872
8.000000 933.554652
9.000000 942.878467
10.000000 950.952955
11.000000 949.829514
12.000000 924.321483
13.000000 930.714697
14.000000 928.489390
15.000000 933.813699
16.000000 764.426072
17.000000 748.034571
18.000000 764.113125
19.000000 765.196795
20.000000 758.676046
21.000000 755.871080
22.000000 779.778036
23.000000 798.787374
24.000000 765.641729
25.000000 707.515556
26.000000 694.518142
27.000000 696.527705
28.000000 696.832542
29.000000 695.067406
30.000000 690.478698
31.000000 743.535691
32.000000 784.002677
33.000000 772.731132
34.000000 772.184534
35.000000 773.049775
36.000000 775.215404
37.000000 764.873333
38.000000 768.083497
39.000000 795.298067
40.000000 801.994154
41.000000 794.157890
42.000000 780.404480
43.000000 740.524190
44.000000 684.885617
45.000000 614.061834
46.000000 546.304505
47.000000 546.403347
48.000000 546.403347
49.000000 546.403347
50.000000 546.403347
51.000000 583.169977
52.000000 652.650530
53.000000 708.007207
54.000000 750.024913
55.000000 765.788831
56.000000 775.398568
57.000000 772.473985
58.000000 745.057674
59.000000 738.859708
60.000000 746.788439
61.000000 746.441405
62.000000 743.923090
63.000000 744.527461
64.000000 759.938931
65.000000 722.005741
66.000000 666.961898
67.000000 669.307294
68.000000 669.438278
69.000000 669.438278
70.000000 669.301849
71.000000 677.092252
72.000000 734.222551
73.000000 774.388625
74.000000 759.407944
75.000000 727.958479
76.000000 767.136235
77.000000 775.059353
78.000000 774.379565
79.000000 762.232892
80.000000 776.872585
81.000000 809.491987
82.000000 804.980495
83.000000 801.323637
84.000000 794.531792
85.000000 814.633361
86.000000 822.795764
87.000000 817.623556
88.000000 810.817570
89.000000 774.089867
90.000000 729.455679
91.000000 671.424777
92.000000 603.428526
93.000000 528.723523
94.000000 487.008337
95.000000 487.008337
96.000000 487.008337
97.000000 487.008337
98.000000 487.008337
99.000000 522.508944
100.000000 597.013618
101.000000 665.730745
102.000000 724.473099
103.000000 769.139946
104.000000 805.727724
105.000000 817.780734
106.000000 1005.586863
107.000000 986.327485
108.000000 984.088531
109.000000 988.033628
110.000000 991.252389
111.000000 967.826855
112.000000 956.960711
113.000000 973.235410
114.000000 976.784882
115.000000 976.784882
116.000000 976.217074
117.000000 992.276068
118.000000 967.999645
119.000000 930.838179
120.000000 930.776764
121.000000 930.776764
122.000000 930.776764
123.000000 930.776764
124.000000 941.847890
125.000000 988.522166
126.000000 1035.721253
127.000000 1067.319389
128.000000 1068.326285
129.000000 1068.326285
130.000000 1068.326285
131.000000 1054.265708
132.000000 1018.592556
133.000000 973.349574
134.000000 923.821917
135.000000 876.286785
136.000000 908.976370
137.000000 908.976370
138.000000 908.976370
139.000000 908.976370
140.000000 908.976370
141.000000 927.873494
142.000000 974.047188
143.000000 1023.261493
144.000000 1068.790151
145.000000 1105.553867
146.000000 1123.138489
147.000000 1123.138489
148.000000 1123.138489
149.000000 1123.138489
150.000000 1123.138489
151.000000 1123.138489
152.000000 1123.138489
153.000000 1123.138489
154.000000 1123.138489
155.000000 1123.138489
156.000000 1123.138489
157.000000 1123.138489
158.000000 1123.138489
159.000000 1123.138489
160.000000 1123.138489
161.000000 1123.138489
162.000000 1123.138489
163.000000 1123.138489
164.000000 1123.138489
165.000000 1123.138489
166.000000 1177.913130
167.000000 1177.913130
168.000000 1177.913130
169.000000 1177.913130
170.000000 1172.509611
171.000000 1149.265604
172.000000 1116.910380
173.000000 1078.547950
174.000000 1036.136893
175.000000 991.464298
176.000000 946.769200
177.000000 906.281120
178.000000 888.082517
179.000000 888.082517
180.000000 888.082517
181.000000 888.082517
182.000000 888.082517
183.000000 906.281120
184.000000 946.769200
185.000000 991.464298
186.000000 1036.136893
187.000000 1078.547950
188.000000 1116.910380
189.000000 1149.265604
190.000000 1172.509611
191.000000 1177.913130
192.000000 1177.913130
193.000000 1177.913130
194.000000 1177.913130
195.000000 1177.913130
196.000000 1228.493284
197.000000 1228.493284
198.000000 1228.493284
199.000000 1228.493284
200.000000 1228.493284
201.000000 1228.493284
202.000000 1228.493284
203.000000 1228.493284
204.000000 1228.493284
205.000000 1228.493284
206.000000 1228.493284
207.000000 1228.493284
208.000000 1228.493284
209.000000 1228.493284
210.000000 1228.493284
211.000000 1228.493284
212.000000 1228.493284
213.000000 1228.493284
214.000000 1228.493284
215.000000 1228.493284
216.000000 1228.493284
217.000000 1228.493284
218.000000 1228.493284
219.000000 1228.493284
220.000000 1223.829519
221.000000 1196.960446
222.000000 1158.964445
223.000000 1114.608299
224.000000 1067.573426
225.000000 1023.268561
226.000000 931.667016
227.000000 931.667016
228.000000 931.667016
229.000000 931.667016
230.000000 931.667016
231.000000 951.317304
232.000000 996.185356
233.000000 1044.358765
234.000000 1090.094551
235.000000 1129.567803
236.000000 1157.977903
237.000000 1163.722543
238.000000 1163.722543
239.000000 1163.722543
240.000000 1163.722543
241.000000 1163.722543
242.000000 1163.722543
243.000000 1163.722543
244.000000 1163.722543
245.000000 1163.722543
246.000000 1163.722543
247.000000 1163.722543
248.000000 1163.722543
249.000000 1163.722543
250.000000 1163.722543
251.000000 1163.722543
252.000000 1163.722543
253.000000 1163.722543
254.000000 1163.722543
255.000000 1163.722543
256.000000 1117.047920
257.000000 1117.047920
258.000000 1117.047920
259.000000 1117.047920
260.000000 1117.047920
261.000000 1117.047920
262.000000 1117.047920
263.000000 1117.047920
264.000000 1117.047920
265.000000 1117.047920
266.000000 1112.146341
267.000000 1088.837050
268.000000 1056.073959
269.000000 1017.152539
270.000000 974.118255
271.000000 928.809176
272.000000 883.479260
273.000000 842.268632
274.000000 822.616977
275.000000 822.616977
276.000000 822.616977
277.000000 822.616977
278.000000 822.616977
279.000000 839.711174
280.000000 880.324834
281.000000 925.538151
282.000000 970.933355
283.000000 1014.192178
284.000000 1053.469446
285.000000 1086.756054
286.000000 1250.973784
287.000000 1256.724229
288.000000 1256.724229
289.000000 1256.724229
290.000000 1256.724229
291.000000 1256.724229
292.000000 1256.724229
293.000000 1256.724229
294.000000 1256.724229
295.000000 1256.724229
296.000000 1256.724229
297.000000 1256.724229
298.000000 1256.724229
299.000000 1256.724229
300.000000 1256.724229
301.000000 1256.724229
302.000000 1256.724229
303.000000 1256.724229
304.000000 1256.724229
305.000000 1256.724229
306.000000 1256.724229
307.000000 1256.724229
308.000000 1256.724229
309.000000 1256.724229
310.000000 1256.724229
311.000000 1241.018530
312.000000 1206.653794
313.000000 1163.684039
314.000000 1116.855336
315.000000 1072.422770
316.000000 1162.840104
317.000000 1162.840104
318.000000 1162.840104
319.000000 1162.840104
320.000000 1162.840104
321.000000 1183.703996
322.000000 1226.193322
323.000000 1270.252086
324.000000 1310.249174
325.000000 1341.736420
326.000000 1354.727335
327.000000 1354.727335
328.000000 1354.727335
329.000000 1353.789585
330.000000 1326.166794
331.000000 1284.739059
332.000000 1243.475696
333.000000 1233.818247
334.000000 1233.818247
335.000000 1233.818247
336.000000 1233.818247
337.000000 1233.918675
338.000000 1267.107607
339.000000 1288.245208
340.000000 1274.083357
341.000000 1274.564678
342.000000 1274.564678
343.000000 1271.467515
344.000000 1257.053303
345.000000 1266.794117
346.000000 946.374799
347.000000 942.870158
348.000000 939.077771
349.000000 940.567791
350.000000 953.785313
351.000000 943.959512
352.000000 932.190841
353.000000 896.473121
354.000000 851.328246
355.000000 789.304697
356.000000 709.593427
357.000000 615.722587
358.000000 564.349602
359.000000 564.349602
