0.000000 52957.190952
1.000000 52957.190952
2.000000 52957.190952
3.000000 55551.902065
4.000000 60599.111035
5.000000 65375.602831
6.000000 69559.243631
7.000000 73126.178676
8.000000 76193.493862
9.000000 77947.260665
10.000000 79155.520636
11.000000 78988.354501
12.000000 77829.283074
13.000000 78024.506982
14.000000 78029.926967
15.000000 78003.233948
16.000000 65304.424693
17.000000 64486.206743
18.000000 65105.466142
19.000000 65177.998622
20.000000 64981.556178
21.000000 64900.757246
22.000000 66060.303977
23.000000 66791.768276
24.000000 64637.455309
25.000000 61753.088704
26.000000 61096.633059
27.000000 61134.631580
28.000000 61141.841717
29.000000 61116.808530
30.000000 61012.762626
31.000000 63429.966321
32.000000 65881.097277
33.000000 66138.307925
34.000000 66364.564459
35.000000 66396.967523
36.000000 66442.129224
37.000000 66133.911634
38.000000 66261.532826
39.000000 67617.420811
40.000000 68257.360734
41.000000 67083.185852
42.000000 65257.319005
43.000000 62506.879877
44.000000 59199.992077
45.000000 55586.057490
46.000000 51407.449710
47.000000 51409.029259
48.000000 51409.029259
49.000000 51409.029259
50.000000 51408.870058
51.000000 52979.000839
52.000000 56438.429071
53.000000 59671.505629
54.000000 62453.623780
55.000000 64340.712184
56.000000 65678.890571
57.000000 65316.045587
58.000000 64041.359853
59.000000 63790.231746
60.000000 64031.148177
61.000000 64078.725826
62.000000 64027.675041
63.000000 63777.490476
64.000000 63686.479047
65.000000 61560.316024
66.000000 59103.271373
67.000000 59108.436988
68.000000 59122.815957
69.000000 59122.022626
70.000000 59104.321145
71.000000 59472.903959
72.000000 62094.751009
73.000000 64366.455522
74.000000 64083.591325
75.000000 62906.191468
76.000000 65978.075077
77.000000 66177.940993
78.000000 66129.406539
79.000000 65647.059781
80.000000 66178.245731
81.000000 67698.566323
82.000000 67975.431848
83.000000 67915.019335
84.000000 67792.232499
85.000000 68684.017162
86.000000 69014.014755
87.000000 67832.174129
88.000000 66175.650876
89.000000 63430.763166
90.000000 60367.454073
91.000000 56893.158922
92.000000 53015.409645
93.000000 48941.675483
94.000000 46636.877830
95.000000 46636.877830
96.000000 46636.877830
97.000000 46636.877830
98.000000 46636.877830
99.000000 48471.925317
100.000000 52522.453644
101.000000 56440.713489
102.000000 59966.588405
103.000000 63054.307145
104.000000 65817.796004
105.000000 67668.444770
106.000000 83296.462219
107.000000 82640.253645
108.000000 82413.094142
109.000000 82464.119426
110.000000 82164.536624
111.000000 80701.692584
112.000000 80012.073147
113.000000 80633.563813
114.000000 80719.208041
115.000000 80581.267654
116.000000 80435.006747
117.000000 80840.164523
118.000000 79106.106588
119.000000 76425.635102
120.000000 76524.498428
121.000000 76563.658628
122.000000 76555.484168
123.000000 76459.537738
124.000000 77183.803801
125.000000 79518.502916
126.000000 81064.200242
127.000000 81874.461281
128.000000 81730.848998
129.000000 81680.833510
130.000000 81579.263254
131.000000 82247.748106
132.000000 81029.418929
133.000000 77963.656494
134.000000 74344.874167
135.000000 69981.898908
136.000000 71633.308246
137.000000 71639.780795
138.000000 71639.827485
139.000000 71639.274309
140.000000 71630.305547
141.000000 74022.138788
142.000000 78556.229739
143.000000 82248.401352
144.000000 85327.449713
145.000000 86509.511321
146.000000 85717.109067
147.000000 85829.156641
148.000000 85864.985306
149.000000 86007.471002
150.000000 85190.059840
151.000000 83615.280422
152.000000 81141.461706
153.000000 80290.620845
154.000000 80410.737426
155.000000 80424.544411
156.000000 80367.609805
157.000000 80213.251676
158.000000 83042.333092
159.000000 84851.515836
160.000000 84217.181183
161.000000 84371.780271
162.000000 84527.719023
163.000000 84462.044441
164.000000 83699.601376
165.000000 84396.062362
166.000000 90401.630437
167.000000 90615.311520
168.000000 90577.603283
169.000000 90767.513356
170.000000 91535.559019
171.000000 90373.798572
172.000000 88484.725160
173.000000 85325.761238
174.000000 81484.288874
175.000000 76717.457591
176.000000 71061.781077
177.000000 64971.689191
178.000000 61845.672630
179.000000 61845.672630
180.000000 61845.672630
181.000000 61845.672630
182.000000 61845.672630
183.000000 64953.819737
184.000000 71044.462385
185.000000 76704.886489
186.000000 81467.617661
187.000000 85349.894336
188.000000 88556.314819
189.000000 90348.060297
190.000000 91555.545711
191.000000 91393.065046
192.000000 90241.011753
193.000000 90430.816989
194.000000 90437.547400
195.000000 90406.340071
196.000000 92925.444827
197.000000 92018.890207
198.000000 92692.058681
199.000000 92769.351411
200.000000 92560.692830
201.000000 92476.437116
202.000000 93745.991547
203.000000 94523.081973
204.000000 92136.227547
205.000000 88758.050878
206.000000 87947.624021
207.000000 87986.411565
208.000000 87993.377326
209.000000 87968.628832
210.000000 87855.089576
211.000000 90739.868474
212.000000 93530.204248
213.000000 93835.872906
214.000000 94065.007049
215.000000 94098.776924
216.000000 94142.923563
217.000000 93818.724448
218.000000 93956.965940
219.000000 95397.495085
220.000000 96056.139751
221.000000 94828.644793
222.000000 92816.766238
223.000000 89601.941256
224.000000 85418.262319
225.000000 80504.790820
226.000000 72631.278968
227.000000 72632.789507
228.000000 72632.789507
229.000000 72632.789507
230.000000 72632.647828
231.000000 74821.396388
232.000000 79579.287579
233.000000 83817.597247
234.000000 87230.061082
235.000000 89432.488517
236.000000 90906.741060
237.000000 90499.210026
238.000000 89101.154827
239.000000 88822.424642
240.000000 89083.120038
241.000000 89140.260041
242.000000 89087.114580
243.000000 88807.331085
244.000000 88681.017820
245.000000 86193.703214
246.000000 83225.021889
247.000000 83216.506643
248.000000 83230.631475
249.000000 83229.874106
250.000000 83212.582934
251.000000 83683.610835
252.000000 86838.834762
253.000000 89455.363249
254.000000 89157.455274
255.000000 87843.551039
256.000000 84094.043612
257.000000 84298.466890
258.000000 84247.336237
259.000000 83730.716417
260.000000 84319.960606
261.000000 85970.473033
262.000000 86272.678605
263.000000 86208.094999
264.000000 86079.329236
265.000000 87013.385612
266.000000 87347.560132
267.000000 86086.059308
268.000000 84255.908096
269.000000 81110.442834
270.000000 77410.461222
271.000000 73010.300991
272.000000 67935.896374
273.000000 62575.139383
274.000000 59597.257190
275.000000 59597.257190
276.000000 59597.257190
277.000000 59597.257190
278.000000 59597.257190
279.000000 61962.652582
280.000000 67283.758050
281.000000 72424.691574
282.000000 76912.761040
283.000000 80667.530607
284.000000 83855.768786
285.000000 85909.483854
286.000000 98505.677901
287.000000 97893.539746
288.000000 97679.612571
289.000000 97727.798165
290.000000 97442.174954
291.000000 96032.757847
292.000000 95364.093257
293.000000 95958.124214
294.000000 96041.403602
295.000000 95912.953109
296.000000 95774.106997
297.000000 96156.517989
298.000000 94441.623567
299.000000 91747.277874
300.000000 91839.689579
301.000000 91876.386095
302.000000 91868.924691
303.000000 91777.816230
304.000000 92511.492420
305.000000 94852.828729
306.000000 96368.856014
307.000000 97148.932352
308.000000 97015.273279
309.000000 96966.390440
310.000000 96871.710776
311.000000 97516.119331
312.000000 96337.954661
313.000000 93286.542530
314.000000 89506.996719
315.000000 84703.698887
316.000000 90437.439935
317.000000 90442.942099
318.000000 90442.978643
319.000000 90442.539458
320.000000 90434.386736
321.000000 93096.933582
322.000000 97871.589816
323.000000 101498.994590
324.000000 104362.105931
325.000000 105428.913979
326.000000 104723.206844
327.000000 104822.271460
328.000000 104855.028148
329.000000 104987.465218
330.000000 104256.845516
331.000000 102798.890601
332.000000 100448.763689
333.000000 99625.795143
334.000000 99736.530602
335.000000 99748.826699
336.000000 99697.040877
337.000000 99553.985725
338.000000 102253.997538
339.000000 103936.255633
340.000000 103360.317945
341.000000 103501.257240
342.000000 103642.227071
343.000000 103581.839296
344.000000 102887.590958
345.000000 103526.220093
346.000000 77998.653717
347.000000 78209.005592
348.000000 78170.502166
349.000000 78359.117294
350.000000 79133.313239
351.000000 77970.973131
352.000000 76121.278694
353.000000 73102.029555
354.000000 69574.406932
355.000000 65386.113238
356.000000 60613.170908
357.000000 55566.635180
358.000000 52957.190952
359.000000 52957.190952
