0.000000 603.846439
1.000000 603.846439
2.000000 603.846439
3.000000 646.055257
4.000000 722.213254
5.000000 790.168164
6.000000 846.662987
7.000000 891.903211
8.000000 928.294639
9.000000 937.442145
10.000000 945.664054
11.000000 944.463856
12.000000 917.750498
13.000000 924.678851
14.000000 922.272174
15.000000 928.327305
16.000000 764.888797
17.000000 749.096844
18.000000 764.269571
19.000000 765.248830
20.000000 759.301598
21.000000 756.615695
22.000000 779.341551
23.000000 797.706398
24.000000 766.573532
25.000000 713.723520
26.000000 702.292684
27.000000 704.481086
28.000000 704.822674
29.000000 702.856804
30.000000 698.598821
31.000000 746.249754
32.000000 783.790342
33.000000 772.661112
34.000000 772.207346
35.000000 772.968882
36.000000 774.950466
37.000000 765.210809
38.000000 768.346938
39.000000 794.377074
40.000000 800.315480
41.000000 792.997308
42.000000 780.565956
43.000000 743.714023
44.000000 694.392004
45.000000 634.299757
46.000000 574.603640
47.000000 574.719593
48.000000 574.719593
49.000000 574.719593
50.000000 574.719593
51.000000 606.257589
52.000000 664.958775
53.000000 713.334727
54.000000 751.581304
55.000000 765.554397
56.000000 774.132298
57.000000 771.211544
58.000000 745.142066
59.000000 739.354735
60.000000 747.665500
61.000000 747.300960
62.000000 744.657875
63.000000 745.279393
64.000000 760.287673
65.000000 725.152860
66.000000 675.509401
67.000000 678.486276
68.000000 678.630756
69.000000 678.630756
70.000000 678.480270
71.000000 684.581615
72.000000 736.174569
73.000000 773.903364
74.000000 759.458659
75.000000 729.381525
76.000000 766.596823
77.000000 775.074375
78.000000 774.345360
79.000000 761.369394
80.000000 774.980963
81.000000 806.945007
82.000000 802.089335
83.000000 798.304883
84.000000 791.276478
85.000000 812.079720
86.000000 820.607033
87.000000 815.815452
88.000000 809.574581
89.000000 774.683266
90.000000 734.499111
91.000000 683.719413
92.000000 626.394449
93.000000 563.200780
94.000000 526.045225
95.000000 526.045225
96.000000 526.045225
97.000000 526.045225
98.000000 526.045225
99.000000 557.743090
100.000000 620.928115
101.000000 678.748242
102.000000 729.935828
103.000000 769.886028
104.000000 804.655127
105.000000 816.059763
106.000000 1000.526174
107.000000 979.690326
108.000000 977.271071
109.000000 981.533908
110.000000 985.012061
111.000000 959.702030
112.000000 947.964620
113.000000 965.544968
114.000000 969.379757
115.000000 969.379757
116.000000 968.766294
117.000000 986.118264
118.000000 959.888690
119.000000 919.756371
120.000000 919.690069
121.000000 919.690069
122.000000 919.690069
123.000000 919.690069
124.000000 931.643513
125.000000 982.061807
126.000000 1033.076103
127.000000 1067.237641
128.000000 1068.326285
129.000000 1068.326285
130.000000 1068.326285
131.000000 1053.124434
132.000000 1014.560377
133.000000 965.668306
134.000000 912.182275
135.000000 860.899419
136.000000 890.605251
137.000000 890.605251
138.000000 890.605251
139.000000 890.605251
140.000000 890.605251
141.000000 911.088881
142.000000 961.178497
143.000000 1014.614345
144.000000 1064.077169
145.000000 1104.028240
146.000000 1123.138489
147.000000 1123.138489
148.000000 1123.138489
149.000000 1123.138489
150.000000 1123.138489
151.000000 1123.138489
152.000000 1123.138489
153.000000 1123.138489
154.000000 1123.138489
155.000000 1123.138489
156.000000 1123.138489
157.000000 1123.138489
158.000000 1123.138489
159.000000 1123.138489
160.000000 1123.138489
161.000000 1123.138489
162.000000 1123.138489
163.000000 1123.138489
164.000000 1123.138489
165.000000 1123.138489
166.000000 1177.913130
167.000000 1177.913130
168.000000 1177.913130
169.000000 1177.913130
170.000000 1172.030091
171.000000 1146.722230
172.000000 1111.493794
173.000000 1069.730350
174.000000 1023.575935
175.000000 974.991271
176.000000 926.427224
177.000000 882.485132
178.000000 862.752787
179.000000 862.752787
180.000000 862.752787
181.000000 862.752787
182.000000 862.752787
183.000000 882.485132
184.000000 926.427224
185.000000 974.991271
186.000000 1023.575935
187.000000 1069.730350
188.000000 1111.493795
189.000000 1146.722230
190.000000 1172.030091
191.000000 1177.913130
192.000000 1177.913130
193.000000 1177.913130
194.000000 1177.913130
195.000000 1177.913130
196.000000 1228.493284
197.000000 1228.493284
198.000000 1228.493284
199.000000 1228.493284
200.000000 1228.493284
201.000000 1228.493284
202.000000 1228.493284
203.000000 1228.493284
204.000000 1228.493284
205.000000 1228.493284
206.000000 1228.493284
207.000000 1228.493284
208.000000 1228.493284
209.000000 1228.493284
210.000000 1228.493284
211.000000 1228.493284
212.000000 1228.493284
213.000000 1228.493284
214.000000 1228.493284
215.000000 1228.493284
216.000000 1228.493284
217.000000 1228.493284
218.000000 1228.493284
219.000000 1228.493284
220.000000 1223.421143
221.000000 1194.196452
222.000000 1152.865161
223.000000 1104.618859
224.000000 1053.476255
225.000000 1005.331649
226.000000 911.314802
227.000000 911.314802
228.000000 911.314802
229.000000 911.314802
230.000000 911.314802
231.000000 932.651223
232.000000 981.407463
233.000000 1033.801505
234.000000 1083.573452
235.000000 1126.541971
236.000000 1157.469146
237.000000 1163.722543
238.000000 1163.722543
239.000000 1163.722543
240.000000 1163.722543
241.000000 1163.722543
242.000000 1163.722543
243.000000 1163.722543
244.000000 1163.722543
245.000000 1163.722543
246.000000 1163.722543
247.000000 1163.722543
248.000000 1163.722543
249.000000 1163.722543
250.000000 1163.722543
251.000000 1163.722543
252.000000 1163.722543
253.000000 1163.722543
254.000000 1163.722543
255.000000 1163.722543
256.000000 1117.047920
257.000000 1117.047920
258.000000 1117.047920
259.000000 1117.047920
260.000000 1117.047920
261.000000 1117.047920
262.000000 1117.047920
263.000000 1117.047920
264.000000 1117.047920
265.000000 1117.047920
266.000000 1111.723237
267.000000 1086.402154
268.000000 1050.814709
269.000000 1008.549482
270.000000 961.842239
271.000000 912.706119
272.000000 863.602721
273.000000 819.022389
274.000000 797.787958
275.000000 797.787958
276.000000 797.787958
277.000000 797.787958
278.000000 797.787958
279.000000 816.258011
280.000000 860.188151
281.000000 909.160769
282.000000 958.386827
283.000000 1005.335521
284.000000 1047.985970
285.000000 1084.141609
286.000000 1250.480853
287.000000 1256.724229
288.000000 1256.724229
289.000000 1256.724229
290.000000 1256.724229
291.000000 1256.724229
292.000000 1256.724229
293.000000 1256.724229
294.000000 1256.724229
295.000000 1256.724229
296.000000 1256.724229
297.000000 1256.724229
298.000000 1256.724229
299.000000 1256.724229
300.000000 1256.724229
301.000000 1256.724229
302.000000 1256.724229
303.000000 1256.724229
304.000000 1256.724229
305.000000 1256.724229
306.000000 1256.724229
307.000000 1256.724229
308.000000 1256.724229
309.000000 1256.724229
310.000000 1256.724229
311.000000 1239.671500
312.000000 1202.353250
313.000000 1155.685910
314.000000 1104.834140
315.000000 1056.603419
316.000000 1148.688468
317.000000 1148.688468
318.000000 1148.688468
319.000000 1148.688468
320.000000 1148.688468
321.000000 1171.090694
322.000000 1216.720004
323.000000 1264.036842
324.000000 1306.984981
325.000000 1340.785562
326.000000 1354.727335
327.000000 1354.727335
328.000000 1354.727335
329.000000 1353.721028
330.000000 1324.073430
331.000000 1279.593862
332.000000 1235.280674
333.000000 1224.908902
334.000000 1224.908902
335.000000 1224.908902
336.000000 1224.908902
337.000000 1225.016758
338.000000 1260.659976
339.000000 1283.358813
340.000000 1268.151200
341.000000 1268.668080
342.000000 1268.668080
343.000000 1265.342084
344.000000 1249.862399
345.000000 1260.323316
346.000000 940.683812
347.000000 936.922892
348.000000 932.853388
349.000000 934.452261
350.000000 948.701419
351.000000 938.596380
352.000000 926.885325
353.000000 890.844818
354.000000 846.944666
355.000000 790.035707
356.000000 722.167127
357.000000 646.055257
358.000000 603.846439
359.000000 603.846439
