0.000000 3907.253455
1.000000 3907.253455
2.000000 3907.253455
3.000000 3907.253455
4.000000 3907.253455
5.000000 3907.253455
6.000000 3907.253455
7.000000 3907.253455
8.000000 3907.253455
9.000000 3907.253455
10.000000 3907.253455
11.000000 3907.253455
12.000000 3907.253455
13.000000 3907.253455
14.000000 3907.253455
15.000000 3907.253455
16.000000 3907.253455
17.000000 3907.253455
18.000000 3907.253455
19.000000 3907.253455
20.000000 3907.253455
21.000000 3907.253455
22.000000 3907.253455
23.000000 3907.253455
24.000000 3907.253455
25.000000 3907.253455
26.000000 3907.253455
27.000000 3907.253455
28.000000 3907.253455
29.000000 3907.253455
30.000000 3907.253455
31.000000 3907.253455
32.000000 3907.253455
33.000000 3907.253455
34.000000 3907.253455
35.000000 3907.253455
36.000000 3907.253455
37.000000 3907.253455
38.000000 3907.253455
39.000000 3907.253455
40.000000 3907.253455
41.000000 3907.253455
42.000000 3907.253455
43.000000 3907.253455
44.000000 3907.253455
45.000000 3907.253455
46.000000 3907.253455
47.000000 3907.253455
48.000000 3907.253455
49.000000 3907.253455
50.000000 3907.253455
51.000000 3907.253455
52.000000 3907.253455
53.000000 3907.253455
54.000000 3907.253455
55.000000 3907.253455
56.000000 3907.253455
57.000000 3907.253455
58.000000 3907.253455
59.000000 3907.253455
60.000000 3907.253455
61.000000 3907.253455
62.000000 3907.253455
63.000000 3907.253455
64.000000 3907.253455
65.000000 3907.253455
66.000000 3907.253455
67.000000 3907.253455
68.000000 3907.253455
69.000000 3907.253455
70.000000 3907.253455
71.000000 3907.253455
72.000000 3907.253455
73.000000 3907.253455
74.000000 3907.253455
75.000000 3907.253455
76.000000 3907.253455
77.000000 3828.060927
78.000000 3653.705459
79.000000 3438.905990
80.000000 3206.653599
81.000000 2973.256822
82.000000 2750.751025
83.000000 2542.059809
84.000000 2340.885008
85.000000 2149.441300
86.000000 1963.605345
87.000000 1774.264101
88.000000 1667.137002
89.000000 1667.669749
90.000000 1667.847186
91.000000 1667.669749
92.000000 1667.137002
93.000000 1774.264101
94.000000 1963.605345
95.000000 2149.441300
96.000000 2340.885008
97.000000 2542.059809
98.000000 2750.751025
99.000000 2973.256822
100.000000 3206.653599
101.000000 3438.905990
102.000000 3653.705459
103.000000 3828.060927
104.000000 3907.253455
105.000000 3907.253455
106.000000 3907.253455
107.000000 3907.253455
108.000000 3907.253455
109.000000 3907.253455
110.000000 3907.253455
111.000000 3907.253455
112.000000 3907.253455
113.000000 3907.253455
114.000000 3907.253455
115.000000 3907.253455
116.000000 3907.253455
117.000000 3907.253455
118.000000 3907.253455
119.000000 3907.253455
120.000000 3907.253455
121.000000 3907.253455
122.000000 3907.253455
123.000000 3907.253455
124.000000 3907.253455
125.000000 3907.253455
126.000000 3907.253455
127.000000 3907.253455
128.000000 3907.253455
129.000000 3907.253455
130.000000 3907.253455
131.000000 3907.253455
132.000000 3907.253455
133.000000 3907.253455
134.000000 3907.253455
135.000000 3907.253455
136.000000 3907.253455
137.000000 3907.253455
138.000000 3907.253455
139.000000 3907.253455
140.000000 3907.253455
141.000000 3907.253455
142.000000 3907.253455
143.000000 3907.253455
144.000000 3907.253455
145.000000 3907.253455
146.000000 3907.253455
147.000000 3907.253455
148.000000 3907.253455
149.000000 3907.253455
150.000000 3907.253455
151.000000 3907.253455
152.000000 3907.253455
153.000000 3907.253455
154.000000 3907.253455
155.000000 3907.253455
156.000000 3907.253455
157.000000 3907.253455
158.000000 3907.253455
159.000000 3907.253455
160.000000 3907.253455
161.000000 3907.253455
162.000000 3907.253455
163.000000 3907.253455
164.000000 3907.253455
165.000000 3907.253455
166.000000 3907.253455
167.000000 3907.253455
168.000000 3907.253455
169.000000 3907.253455
170.000000 3907.253455
171.000000 3907.253455
172.000000 3907.253455
173.000000 3907.253455
174.000000 3907.253455
175.000000 3907.253455
176.000000 3907.253455
177.000000 3907.253455
178.000000 3907.253455
179.000000 3907.253455
180.000000 3907.253455
181.000000 3907.253455
182.000000 3907.253455
183.000000 3907.253455
184.000000 3907.253455
185.000000 3907.253455
186.000000 3907.253455
187.000000 3907.253455
188.000000 3907.253455
189.000000 3907.253455
190.000000 3907.253455
191.000000 3907.253455
192.000000 3907.253455
193.000000 3907.253455
194.000000 3907.253455
195.000000 3907.253455
196.000000 3907.253455
197.000000 3907.253455
198.000000 3907.253455
199.000000 3907.253455
200.000000 3907.253455
201.000000 3907.253455
202.000000 3907.253455
203.000000 3907.253455
204.000000 3907.253455
205.000000 3907.253455
206.000000 3907.253455
207.000000 3907.253455
208.000000 3907.253455
209.000000 3907.253455
210.000000 3907.253455
211.000000 3907.253455
212.000000 3907.253455
213.000000 3907.253455
214.000000 3907.253455
215.000000 3907.253455
216.000000 3907.253455
217.000000 3907.253455
218.000000 3907.253455
219.000000 3907.253455
220.000000 3907.253455
221.000000 3907.253455
222.000000 3907.253455
223.000000 3907.253455
224.000000 3907.253455
225.000000 3907.253455
226.000000 3907.253455
227.000000 3907.253455
228.000000 3907.253455
229.000000 3907.253455
230.000000 3907.253455
231.000000 3907.253455
232.000000 3907.253455
233.000000 3907.253455
234.000000 3907.253455
235.000000 3907.253455
236.000000 3907.253455
237.000000 3907.253455
238.000000 3907.253455
239.000000 3907.253455
240.000000 3907.253455
241.000000 3907.253455
242.000000 3907.253455
243.000000 3907.253455
244.000000 3907.253455
245.000000 3907.253455
246.000000 3907.253455
247.000000 3907.253455
248.000000 3907.253455
249.000000 3907.253455
250.000000 3907.253455
251.000000 3907.253455
252.000000 3907.253455
253.000000 3907.253455
254.000000 3907.253455
255.000000 3907.253455
256.000000 3907.253455
257.000000 3828.060927
258.000000 3653.705459
259.000000 3438.905990
260.000000 3206.653599
261.000000 2973.256822
262.000000 2750.751025
263.000000 2542.059809
264.000000 2340.885008
265.000000 2149.441300
266.000000 1963.605345
267.000000 1774.264101
268.000000 1667.137002
269.000000 1667.669749
270.000000 1667.847186
271.000000 1667.669749
272.000000 1667.137002
273.000000 1774.264101
274.000000 1963.605345
275.000000 2149.441300
276.000000 2340.885008
277.000000 2542.059809
278.000000 2750.751025
279.000000 2973.256822
280.000000 3206.653599
281.000000 3438.905990
282.000000 3653.705459
283.000000 3828.060927
284.000000 3907.253455
285.000000 3907.253455
286.000000 3907.253455
287.000000 3907.253455
288.000000 3907.253455
289.000000 3907.253455
290.000000 3907.253455
291.000000 3907.253455
292.000000 3907.253455
293.000000 3907.253455
294.000000 3907.253455
295.000000 3907.253455
296.000000 3907.253455
297.000000 3907.253455
298.000000 3907.253455
299.000000 3907.253455
300.000000 3907.253455
301.000000 3907.253455
302.000000 3907.253455
303.000000 3907.253455
304.000000 3907.253455
305.000000 3907.253455
306.000000 3907.253455
307.000000 3907.253455
308.000000 3907.253455
309.000000 3907.253455
310.000000 3907.253455
311.000000 3907.253455
312.000000 3907.253455
313.000000 3907.253455
314.000000 3907.253455
315.000000 3907.253455
316.000000 3907.253455
317.000000 3907.253455
318.000000 3907.253455
319.000000 3907.253455
320.000000 3907.253455
321.000000 3907.253455
322.000000 3907.253455
323.000000 3907.253455
324.000000 3907.253455
325.000000 3907.253455
326.000000 3907.253455
327.000000 3907.253455
328.000000 3907.253455
329.000000 3907.253455
330.000000 3907.253455
331.000000 3907.253455
332.000000 3907.253455
333.000000 3907.253455
334.000000 3907.253455
335.000000 3907.253455
336.000000 3907.253455
337.000000 3907.253455
338.000000 3907.253455
339.000000 3907.253455
340.000000 3907.253455
341.000000 3907.253455
342.000000 3907.253455
343.000000 3907.253455
344.000000 3907.253455
345.000000 3907.253455
346.000000 3907.253455
347.000000 3907.253455
348.000000 3907.253455
349.000000 3907.253455
350.000000 3907.253455
351.000000 3907.253455
352.000000 3907.253455
353.000000 3907.253455
354.000000 3907.253455
355.000000 3907.253455
356.000000 3907.253455
357.000000 3907.253455
358.000000 3907.253455
359.000000 3907.253455
