0.000000 36478.570281
1.000000 36478.570281
2.000000 36478.570281
3.000000 40920.096705
4.000000 49970.996223
5.000000 58794.850419
6.000000 66569.843436
7.000000 73153.000590
8.000000 78738.851572
9.000000 81878.717997
10.000000 84011.654265
11.000000 83707.687266
12.000000 81612.683478
13.000000 81968.396805
14.000000 81978.032113
15.000000 81944.300952
16.000000 58728.304166
17.000000 57213.114333
18.000000 58358.920649
19.000000 58493.337177
20.000000 58129.569224
21.000000 57980.107525
22.000000 60131.832544
23.000000 61493.051767
24.000000 57490.097835
25.000000 52172.164237
26.000000 50974.218111
27.000000 51043.065938
28.000000 51056.132938
29.000000 51010.780072
30.000000 50822.367004
31.000000 55254.479922
32.000000 59799.914395
33.000000 60277.657886
34.000000 60695.333803
35.000000 60755.455733
36.000000 60839.223347
37.000000 60267.454911
38.000000 60504.272382
39.000000 63023.696303
40.000000 64212.116291
41.000000 62036.107028
42.000000 58642.293979
43.000000 53542.080016
44.000000 47489.025075
45.000000 41079.721530
46.000000 33983.996860
47.000000 33986.484598
48.000000 33986.484598
49.000000 33986.484598
50.000000 33986.233759
51.000000 36554.063052
52.000000 42510.106916
53.000000 48326.066367
54.000000 53442.613743
55.000000 56944.638875
56.000000 59431.371302
57.000000 58757.086424
58.000000 56395.290734
59.000000 55931.819242
60.000000 56375.796459
61.000000 56463.732100
62.000000 56369.578875
63.000000 55905.042848
64.000000 55730.544711
65.000000 51807.140620
66.000000 47348.286602
67.000000 47356.560230
68.000000 47382.196057
69.000000 47380.781131
70.000000 47349.226895
71.000000 48011.809197
72.000000 52789.123990
73.000000 56991.767524
74.000000 56469.133865
75.000000 54296.859732
76.000000 59975.518077
77.000000 60346.105419
78.000000 60256.076518
79.000000 59362.025793
80.000000 60347.166726
81.000000 63171.850416
82.000000 63683.508854
83.000000 63571.049353
84.000000 63342.820685
85.000000 65000.643765
86.000000 65614.239639
87.000000 63427.622760
88.000000 60351.113116
89.000000 55249.262369
90.000000 49589.265501
91.000000 43277.488103
92.000000 36479.098704
93.000000 29798.797689
94.000000 26329.506763
95.000000 26329.506763
96.000000 26329.506763
97.000000 26329.506763
98.000000 26329.506763
99.000000 29071.127555
100.000000 35641.651835
101.000000 42468.487858
102.000000 48853.809373
103.000000 54550.932703
104.000000 59685.621532
105.000000 63124.125749
106.000000 91243.676901
107.000000 90080.469544
108.000000 89678.841348
109.000000 89769.675207
110.000000 89259.336363
111.000000 86661.997848
112.000000 85421.066355
113.000000 86541.630551
114.000000 86695.281468
115.000000 86447.097566
116.000000 86193.919356
117.000000 86945.041632
118.000000 83845.834179
119.000000 78965.282538
120.000000 79147.526262
121.000000 79219.618351
122.000000 79204.565723
123.000000 79027.866520
124.000000 80354.677039
125.000000 84585.066302
126.000000 87329.317111
127.000000 88738.060313
128.000000 88480.273953
129.000000 88390.985499
130.000000 88208.872924
131.000000 89423.961574
132.000000 87307.864374
133.000000 81842.420832
134.000000 75245.840419
135.000000 67165.244151
136.000000 70038.004142
137.000000 70050.040931
138.000000 70050.127759
139.000000 70049.099041
140.000000 70032.420157
141.000000 74466.217442
142.000000 82769.301508
143.000000 89355.593728
144.000000 94687.442195
145.000000 96670.345873
146.000000 95276.441136
147.000000 95471.958672
148.000000 95534.018091
149.000000 95783.129286
150.000000 94410.221639
151.000000 91697.563400
152.000000 87321.820868
153.000000 85792.329636
154.000000 86010.016228
155.000000 86035.034571
156.000000 85931.922288
157.000000 85651.983175
158.000000 90696.244079
159.000000 93844.487835
160.000000 92714.283809
161.000000 92976.037147
162.000000 93249.569561
163.000000 93135.117133
164.000000 91794.358299
165.000000 93017.350549
166.000000 103021.338796
167.000000 103353.084912
168.000000 103290.358223
169.000000 103603.868128
170.000000 104872.242274
171.000000 103027.466346
172.000000 99959.223667
173.000000 94662.845646
174.000000 88008.801715
175.000000 79480.392338
176.000000 69088.887870
177.000000 57789.967904
178.000000 52058.536727
179.000000 52058.536727
180.000000 52058.536727
181.000000 52058.536727
182.000000 52058.536727
183.000000 57756.923044
184.000000 69056.749279
185.000000 79457.547581
186.000000 87979.414283
187.000000 94704.290637
188.000000 100078.029893
189.000000 102984.966190
190.000000 104898.857229
191.000000 104628.744280
192.000000 102728.888944
193.000000 103046.678275
194.000000 103057.470564
195.000000 103027.889795
196.000000 106950.678718
197.000000 105468.193829
198.000000 106574.484854
199.000000 106700.651055
200.000000 106358.502266
201.000000 106219.712530
202.000000 108282.358854
203.000000 109534.177846
204.000000 105728.965766
205.000000 100105.257058
206.000000 98720.694941
207.000000 98788.104748
208.000000 98800.214303
209.000000 98757.175052
210.000000 98559.797656
211.000000 103437.746581
212.000000 107968.810806
213.000000 108413.317387
214.000000 108744.363232
215.000000 108799.064806
216.000000 108870.960969
217.000000 108345.113861
218.000000 108568.525032
219.000000 110857.088562
220.000000 111872.849533
221.000000 110014.336451
222.000000 106871.051302
223.000000 101641.099580
224.000000 94525.935107
225.000000 85794.222627
226.000000 71700.963661
227.000000 71703.772200
228.000000 71703.772200
229.000000 71703.772200
230.000000 71703.508772
231.000000 75758.677148
232.000000 84465.156830
233.000000 91994.660370
234.000000 97846.634916
235.000000 101494.698962
236.000000 103869.972737
237.000000 103202.748411
238.000000 100871.562665
239.000000 100398.831910
240.000000 100842.734134
241.000000 100939.278348
242.000000 100848.953463
243.000000 100404.930237
244.000000 100235.090697
245.000000 96014.560441
246.000000 90807.449526
247.000000 90793.479736
248.000000 90818.843273
249.000000 90817.483285
250.000000 90786.432038
251.000000 91621.642892
252.000000 97121.563142
253.000000 101522.223464
254.000000 101004.374472
255.000000 98766.867672
256.000000 92487.318938
257.000000 92847.966357
258.000000 92757.907031
259.000000 91845.872557
260.000000 92882.576173
261.000000 95743.883559
262.000000 96240.496985
263.000000 96127.910778
264.000000 95903.972877
265.000000 97507.050469
266.000000 98075.700702
267.000000 95985.008860
268.000000 92889.507215
269.000000 87422.234801
270.000000 80819.195607
271.000000 72780.879000
272.000000 63371.657099
273.000000 53466.627519
274.000000 48089.660349
275.000000 48089.660349
276.000000 48089.660349
277.000000 48089.660349
278.000000 48089.660349
279.000000 52349.956886
280.000000 62159.884546
281.000000 71700.080939
282.000000 79918.933297
283.000000 86640.879383
284.000000 92202.110358
285.000000 95690.398809
286.000000 115533.504003
287.000000 114592.099293
288.000000 114264.232992
289.000000 114338.938719
290.000000 113925.688837
291.000000 111746.899739
292.000000 110687.787286
293.000000 111632.313084
294.000000 111763.444152
295.000000 111560.037074
296.000000 111353.355660
297.000000 111988.788631
298.000000 109304.084093
299.000000 104919.628578
300.000000 105075.177948
301.000000 105136.649390
302.000000 105124.135917
303.000000 104971.354982
304.000000 106183.142058
305.000000 109952.036657
306.000000 112298.942560
307.000000 113465.254619
308.000000 113254.479129
309.000000 113178.241229
310.000000 113029.328315
311.000000 114060.843111
312.000000 112304.144091
313.000000 107547.296577
314.000000 101372.233227
315.000000 93113.800989
316.000000 102298.095507
317.000000 102307.663370
318.000000 102307.726936
319.000000 102306.962737
320.000000 102292.785944
321.000000 106751.558274
322.000000 114339.696516
323.000000 119731.418299
324.000000 123751.747509
325.000000 125174.031866
326.000000 124161.444940
327.000000 124302.169509
328.000000 124348.109362
329.000000 124535.751094
330.000000 123557.890605
331.000000 121528.700133
332.000000 118099.169212
333.000000 116857.929870
334.000000 117028.353411
335.000000 117047.280214
336.000000 116967.700883
337.000000 116747.391311
338.000000 120752.650528
339.000000 123133.695767
340.000000 122288.921121
341.000000 122480.166579
342.000000 122682.385636
343.000000 122596.812702
344.000000 121596.628999
345.000000 122514.519835
346.000000 81936.770183
347.000000 82303.186968
348.000000 82233.226539
349.000000 82574.349674
350.000000 83976.009267
351.000000 81921.754352
352.000000 78608.026877
353.000000 73108.595765
354.000000 66597.979149
355.000000 58814.382267
356.000000 49996.691460
357.000000 40945.682513
358.000000 36478.570281
359.000000 36478.570281
