0.000000 352.429018
1.000000 352.429018
2.000000 352.429018
3.000000 424.019502
4.000000 560.143372
5.000000 685.592212
6.000000 790.608321
7.000000 874.251127
8.000000 940.841935
9.000000 957.451335
10.000000 972.329857
11.000000 970.161021
12.000000 921.627976
13.000000 934.261136
14.000000 929.876239
15.000000 940.901348
16.000000 638.696077
17.000000 609.512192
18.000000 637.549769
19.000000 639.362634
20.000000 628.358471
21.000000 623.393496
22.000000 665.487140
23.000000 699.602846
24.000000 641.815566
25.000000 544.659123
26.000000 523.909253
27.000000 527.872365
28.000000 528.491381
29.000000 524.930407
30.000000 517.230496
31.000000 604.263209
32.000000 673.745576
33.000000 653.095595
34.000000 652.254372
35.000000 653.666196
36.000000 657.340704
37.000000 639.292242
38.000000 645.100333
39.000000 693.413979
40.000000 704.453717
41.000000 690.849556
42.000000 667.759577
43.000000 599.591907
44.000000 509.641256
45.000000 403.732400
46.000000 305.204202
47.000000 305.386916
48.000000 305.386916
49.000000 305.386916
50.000000 305.386916
51.000000 356.418094
52.000000 457.119887
53.000000 543.951440
54.000000 614.096001
55.000000 639.928392
56.000000 655.823411
57.000000 650.408508
58.000000 602.222203
59.000000 591.569756
60.000000 606.872791
61.000000 606.200750
62.000000 601.330252
63.000000 602.475203
64.000000 630.182030
65.000000 565.518073
66.000000 475.821382
67.000000 481.124668
68.000000 481.382344
69.000000 481.382344
70.000000 481.113956
71.000000 492.017818
72.000000 585.724623
73.000000 655.398888
74.000000 628.648899
75.000000 573.260779
76.000000 641.858699
77.000000 657.570510
78.000000 656.218516
79.000000 632.182926
80.000000 657.397265
81.000000 716.781934
82.000000 707.752068
83.000000 700.715505
84.000000 687.651622
85.000000 726.331753
86.000000 742.191100
87.000000 733.279796
88.000000 721.672485
89.000000 656.845160
90.000000 582.647683
91.000000 490.474225
92.000000 390.232149
93.000000 287.429929
94.000000 232.488781
95.000000 232.488781
96.000000 232.488781
97.000000 232.488781
98.000000 232.488781
99.000000 279.063864
100.000000 380.968602
101.000000 481.591895
102.000000 574.276648
103.000000 647.951963
104.000000 712.523380
105.000000 733.734180
106.000000 1070.215104
107.000000 1033.345546
108.000000 1029.039182
109.000000 1036.623732
110.000000 1042.800215
111.000000 997.616125
112.000000 976.484136
113.000000 1008.095020
114.000000 1014.957187
115.000000 1014.957187
116.000000 1013.860249
117.000000 1044.762326
118.000000 997.951314
119.000000 925.288585
120.000000 925.167627
121.000000 925.167627
122.000000 925.167627
123.000000 925.167627
124.000000 946.929213
125.000000 1037.561869
126.000000 1126.968763
127.000000 1185.313101
128.000000 1187.150505
129.000000 1187.150505
130.000000 1187.150505
131.000000 1161.368457
132.000000 1094.816535
133.000000 1008.315917
134.000000 911.453445
135.000000 817.005186
136.000000 871.862760
137.000000 871.862760
138.000000 871.862760
139.000000 871.862760
140.000000 871.862760
141.000000 909.453377
142.000000 1000.266678
143.000000 1094.910762
144.000000 1179.971023
145.000000 1246.614158
146.000000 1277.784380
147.000000 1277.784380
148.000000 1277.784380
149.000000 1277.784380
150.000000 1277.784380
151.000000 1277.784380
152.000000 1277.784380
153.000000 1277.784380
154.000000 1277.784380
155.000000 1277.784380
156.000000 1277.784380
157.000000 1277.784380
158.000000 1277.784380
159.000000 1277.784380
160.000000 1277.784380
161.000000 1277.784380
162.000000 1277.784380
163.000000 1277.784380
164.000000 1277.784380
165.000000 1277.784380
166.000000 1364.399620
167.000000 1364.399620
168.000000 1364.399620
169.000000 1364.399620
170.000000 1355.297820
171.000000 1315.584882
172.000000 1258.847326
173.000000 1189.518211
174.000000 1110.516372
175.000000 1024.976384
176.000000 937.444275
177.000000 856.903199
178.000000 820.437384
179.000000 820.437384
180.000000 820.437384
181.000000 820.437384
182.000000 820.437384
183.000000 856.903199
184.000000 937.444275
185.000000 1024.976384
186.000000 1110.516372
187.000000 1189.518211
188.000000 1258.847326
189.000000 1315.584882
190.000000 1355.297820
191.000000 1364.399620
192.000000 1364.399620
193.000000 1364.399620
194.000000 1364.399620
195.000000 1364.399620
196.000000 1440.555464
197.000000 1440.555464
198.000000 1440.555464
199.000000 1440.555464
200.000000 1440.555464
201.000000 1440.555464
202.000000 1440.555464
203.000000 1440.555464
204.000000 1440.555464
205.000000 1440.555464
206.000000 1440.555464
207.000000 1440.555464
208.000000 1440.555464
209.000000 1440.555464
210.000000 1440.555464
211.000000 1440.555464
212.000000 1440.555464
213.000000 1440.555464
214.000000 1440.555464
215.000000 1440.555464
216.000000 1440.555464
217.000000 1440.555464
218.000000 1440.555464
219.000000 1440.555464
220.000000 1433.091875
221.000000 1389.330757
222.000000 1325.306588
223.000000 1247.584553
224.000000 1161.968137
225.000000 1078.660669
226.000000 909.866695
227.000000 909.866695
228.000000 909.866695
229.000000 909.866695
230.000000 909.866695
231.000000 948.759454
232.000000 1036.398990
233.000000 1128.221085
234.000000 1212.736339
235.000000 1283.285615
236.000000 1332.558471
237.000000 1342.360891
238.000000 1342.360891
239.000000 1342.360891
240.000000 1342.360891
241.000000 1342.360891
242.000000 1342.360891
243.000000 1342.360891
244.000000 1342.360891
245.000000 1342.360891
246.000000 1342.360891
247.000000 1342.360891
248.000000 1342.360891
249.000000 1342.360891
250.000000 1342.360891
251.000000 1342.360891
252.000000 1342.360891
253.000000 1342.360891
254.000000 1342.360891
255.000000 1342.360891
256.000000 1267.901748
257.000000 1267.901748
258.000000 1267.901748
259.000000 1267.901748
260.000000 1267.901748
261.000000 1267.901748
262.000000 1267.901748
263.000000 1267.901748
264.000000 1267.901748
265.000000 1267.901748
266.000000 1259.222158
267.000000 1217.452228
268.000000 1157.428061
269.000000 1084.303402
270.000000 1001.457656
271.000000 912.411427
272.000000 822.010983
273.000000 739.244107
274.000000 699.754475
275.000000 699.754475
276.000000 699.754475
277.000000 699.754475
278.000000 699.754475
279.000000 734.102893
280.000000 815.687723
281.000000 905.924730
282.000000 995.253604
283.000000 1078.667464
284.000000 1152.594055
285.000000 1213.684331
286.000000 1472.450632
287.000000 1481.369611
288.000000 1481.369611
289.000000 1481.369611
290.000000 1481.369611
291.000000 1481.369611
292.000000 1481.369611
293.000000 1481.369611
294.000000 1481.369611
295.000000 1481.369611
296.000000 1481.369611
297.000000 1481.369611
298.000000 1481.369611
299.000000 1481.369611
300.000000 1481.369611
301.000000 1481.369611
302.000000 1481.369611
303.000000 1481.369611
304.000000 1481.369611
305.000000 1481.369611
306.000000 1481.369611
307.000000 1481.369611
308.000000 1481.369611
309.000000 1481.369611
310.000000 1481.369611
311.000000 1456.864397
312.000000 1401.673268
313.000000 1329.753145
314.000000 1247.938152
315.000000 1167.292207
316.000000 1318.702289
317.000000 1318.702289
318.000000 1318.702289
319.000000 1318.702289
320.000000 1318.702289
321.000000 1353.839866
322.000000 1423.171095
323.000000 1491.737686
324.000000 1550.894127
325.000000 1595.312531
326.000000 1613.072168
327.000000 1613.072168
328.000000 1613.072168
329.000000 1611.801398
330.000000 1573.589784
331.000000 1513.511071
332.000000 1450.481229
333.000000 1435.285170
334.000000 1435.285170
335.000000 1435.285170
336.000000 1435.285170
337.000000 1435.444043
338.000000 1486.960391
339.000000 1518.721913
340.000000 1497.533786
341.000000 1498.260030
342.000000 1498.260030
343.000000 1493.579369
344.000000 1471.563800
345.000000 1486.483120
346.000000 963.323345
347.000000 956.510057
348.000000 949.126550
349.000000 952.028835
350.000000 977.813783
351.000000 959.542993
352.000000 938.277978
353.000000 872.303648
354.000000 791.131105
355.000000 685.346102
356.000000 560.059088
357.000000 424.019502
358.000000 352.429018
359.000000 352.429018
