0.000000 36512.303643
1.000000 36512.303643
2.000000 36512.303643
3.000000 39652.724451
4.000000 46766.693252
5.000000 54562.592822
6.000000 62063.858929
7.000000 68829.381536
8.000000 74837.890457
9.000000 78333.564185
10.000000 80754.998105
11.000000 80423.232867
12.000000 78131.817136
13.000000 78514.327534
14.000000 78525.321311
15.000000 78462.851993
16.000000 54370.703853
17.000000 53014.757318
18.000000 54031.731720
19.000000 54152.465387
20.000000 53827.792803
21.000000 53695.464502
22.000000 55642.630801
23.000000 56892.088899
24.000000 53157.272362
25.000000 48526.433063
26.000000 47534.326742
27.000000 47589.818467
28.000000 47600.359065
29.000000 47563.815365
30.000000 47412.224892
31.000000 51162.112876
32.000000 55286.899153
33.000000 55796.604091
34.000000 56238.196443
35.000000 56292.793660
36.000000 56368.519802
37.000000 55850.140757
38.000000 56065.918316
39.000000 58423.781547
40.000000 59583.049726
41.000000 57410.394394
42.000000 54150.576920
43.000000 49527.556662
44.000000 44443.720338
45.000000 39569.007076
46.000000 34386.320322
47.000000 34387.880897
48.000000 34387.880897
49.000000 34387.880897
50.000000 34387.723480
51.000000 36073.605953
52.000000 40320.002012
53.000000 44913.149537
54.000000 49301.851970
55.000000 52504.139093
56.000000 54878.811943
57.000000 54253.449669
58.000000 52124.317359
59.000000 51719.512822
60.000000 52103.621383
61.000000 52181.020394
62.000000 52099.216347
63.000000 51644.816693
64.000000 51419.275278
65.000000 47990.034141
66.000000 44367.627894
67.000000 44371.902717
68.000000 44391.597601
69.000000 44390.509529
70.000000 44366.278358
71.000000 44887.621020
72.000000 48827.138822
73.000000 52563.190497
74.000000 52126.712026
75.000000 50245.807878
76.000000 55596.024604
77.000000 55930.398546
78.000000 55848.834601
79.000000 55044.323203
80.000000 55937.655417
81.000000 58584.186242
82.000000 59111.874348
83.000000 59007.851522
84.000000 58795.627750
85.000000 60378.655354
86.000000 60975.668267
87.000000 58760.150286
88.000000 55735.827524
89.000000 50962.294677
90.000000 45978.259841
91.000000 40832.205858
92.000000 35802.810963
93.000000 31388.684681
94.000000 29282.455687
95.000000 29282.455687
96.000000 29282.455687
97.000000 29282.455687
98.000000 29282.455687
99.000000 30938.361856
100.000000 35221.705089
101.000000 40205.677341
102.000000 45356.008418
103.000000 50329.537404
104.000000 55099.153746
105.000000 58455.142501
106.000000 89055.594247
107.000000 87736.129159
108.000000 87280.489892
109.000000 87382.627582
110.000000 86781.477263
111.000000 83854.675481
112.000000 82484.897923
113.000000 83717.762338
114.000000 83888.357623
115.000000 83614.177047
116.000000 83322.191752
117.000000 84124.672239
118.000000 80664.935817
119.000000 75416.745742
120.000000 75605.545806
121.000000 75680.595044
122.000000 75664.940111
123.000000 75481.273524
124.000000 76884.808586
125.000000 81486.548501
126.000000 84576.957334
127.000000 86200.203179
128.000000 85913.097615
129.000000 85813.149561
130.000000 85610.718997
131.000000 86949.849334
132.000000 84502.095841
133.000000 78377.703877
134.000000 71304.934990
135.000000 63206.291254
136.000000 66393.428138
137.000000 66404.771483
138.000000 66404.853312
139.000000 66403.884151
140.000000 66388.167039
141.000000 70787.175191
142.000000 79553.152362
143.000000 86924.359048
144.000000 93109.416186
145.000000 95465.636738
146.000000 93860.161618
147.000000 94085.457679
148.000000 94157.496425
149.000000 94444.927630
150.000000 92818.651153
151.000000 89659.419443
152.000000 84702.496737
153.000000 83011.503919
154.000000 83248.565096
155.000000 83275.821317
156.000000 83163.365594
157.000000 82858.938202
158.000000 88508.131544
159.000000 92143.309707
160.000000 90860.776192
161.000000 91167.930539
162.000000 91481.307671
163.000000 91349.260466
164.000000 89817.917915
165.000000 91216.640538
166.000000 103100.982940
167.000000 103507.651849
168.000000 103432.646014
169.000000 103808.670037
170.000000 105331.928889
171.000000 103088.435201
172.000000 99383.107886
173.000000 93085.138475
174.000000 85366.674373
175.000000 75867.793487
176.000000 65028.259358
177.000000 54355.389557
178.000000 49456.997042
179.000000 49456.997042
180.000000 49456.997042
181.000000 49456.997042
182.000000 49456.997042
183.000000 54326.187070
184.000000 64996.293305
185.000000 75843.067776
186.000000 85333.198545
187.000000 93133.622600
188.000000 99525.252353
189.000000 103037.487591
190.000000 105366.260719
191.000000 105041.902406
192.000000 102762.777880
193.000000 103141.172194
194.000000 103154.343890
195.000000 103109.410243
196.000000 107886.743652
197.000000 106101.366578
198.000000 107431.135688
199.000000 107583.251992
200.000000 107171.523031
201.000000 107004.852960
202.000000 109497.654058
203.000000 111017.742211
204.000000 106393.382114
205.000000 99683.163812
206.000000 98058.580720
207.000000 98136.579154
208.000000 98150.587403
209.000000 98100.818046
210.000000 97872.506998
211.000000 103637.750862
212.000000 109109.300295
213.000000 109661.077981
214.000000 110070.043681
215.000000 110136.203002
216.000000 110222.997900
217.000000 109587.359207
218.000000 109857.727876
219.000000 112641.530397
220.000000 113884.853543
221.000000 111604.891205
222.000000 107765.550912
223.000000 101453.840211
224.000000 93078.279297
225.000000 83271.205693
226.000000 68329.706024
227.000000 68332.335109
228.000000 68332.335109
229.000000 68332.335109
230.000000 68332.088386
231.000000 72352.032546
232.000000 81551.166989
233.000000 90026.404943
234.000000 96874.048637
235.000000 101240.778361
236.000000 104116.352140
237.000000 103312.953882
238.000000 100532.773439
239.000000 99974.721480
240.000000 100497.368626
241.000000 100611.659971
242.000000 100505.161756
243.000000 99965.368551
244.000000 99738.825904
245.000000 94760.043634
246.000000 88801.558577
247.000000 88783.928781
248.000000 88812.051053
249.000000 88810.543100
250.000000 88776.118448
251.000000 89719.265810
252.000000 96055.369603
253.000000 101277.161262
254.000000 100669.866416
255.000000 98032.619185
256.000000 90613.670800
257.000000 91024.021587
258.000000 90921.350029
259.000000 89884.590898
260.000000 91067.507345
261.000000 94382.459277
262.000000 94980.139791
263.000000 94849.976860
264.000000 94591.025777
265.000000 96465.866874
266.000000 97136.130611
267.000000 94634.471298
268.000000 90973.607851
269.000000 84651.513667
270.000000 77262.529650
271.000000 68697.494649
272.000000 59378.690943
273.000000 50535.112550
274.000000 46203.669680
275.000000 46203.669680
276.000000 46203.669680
277.000000 46203.669680
278.000000 46203.669680
279.000000 49606.894344
280.000000 58240.115924
281.000000 67585.849150
282.000000 76278.309028
283.000000 83762.364086
284.000000 90169.892338
285.000000 94282.942385
286.000000 118377.187216
287.000000 117221.855284
288.000000 116819.907312
289.000000 116911.348580
290.000000 116403.196744
291.000000 113736.973235
292.000000 112447.221598
293.000000 113596.453584
294.000000 113756.415832
295.000000 113508.629610
296.000000 113255.567320
297.000000 114026.750250
298.000000 110748.790874
299.000000 105459.489753
300.000000 105644.168771
301.000000 105717.340168
302.000000 105702.454969
303.000000 105520.711841
304.000000 106973.356840
305.000000 111538.879545
306.000000 114409.145711
307.000000 115839.724974
308.000000 115582.140612
309.000000 115488.938428
310.000000 115307.221864
311.000000 116568.209989
312.000000 114410.089463
313.000000 108597.571116
314.000000 101160.640531
315.000000 91532.413924
316.000000 102379.266874
317.000000 102390.331870
318.000000 102390.405362
319.000000 102389.522141
320.000000 102373.126855
321.000000 107667.414799
322.000000 116886.680869
323.000000 123510.733858
324.000000 128441.029795
325.000000 130171.045154
326.000000 128922.536112
327.000000 129095.364600
328.000000 129151.718067
329.000000 129382.324000
330.000000 128193.340613
331.000000 125708.332415
332.000000 121493.741453
333.000000 119969.931494
334.000000 120178.762301
335.000000 120201.954847
336.000000 120104.418890
337.000000 119834.482083
338.000000 124755.321533
339.000000 127677.659809
340.000000 126635.073104
341.000000 126867.779270
342.000000 127116.282720
343.000000 127011.214705
344.000000 125781.951261
345.000000 126909.800213
346.000000 78453.223096
347.000000 78877.885486
348.000000 78802.043375
349.000000 79174.943763
350.000000 80708.782234
351.000000 78380.295808
352.000000 74695.342834
353.000000 68782.945568
354.000000 62091.873936
355.000000 54580.687563
356.000000 46788.073366
357.000000 39671.218143
358.000000 36512.303643
359.000000 36512.303643
