0.000000 365.303999
1.000000 365.303999
2.000000 365.303999
3.000000 414.907947
4.000000 520.727418
5.000000 630.920162
6.000000 731.656201
7.000000 816.887718
8.000000 887.619853
9.000000 905.632212
10.000000 921.887326
11.000000 919.510873
12.000000 866.963289
13.000000 880.522941
14.000000 875.806837
15.000000 887.684030
16.000000 588.376258
17.000000 562.704049
18.000000 587.356099
19.000000 588.969902
20.000000 579.210947
21.000000 574.836829
22.000000 612.489205
23.000000 643.931251
24.000000 591.157290
25.000000 507.946551
26.000000 491.113258
27.000000 494.302142
28.000000 494.801348
29.000000 491.933734
30.000000 485.767383
31.000000 558.153551
32.000000 620.025505
33.000000 601.272231
34.000000 600.514731
35.000000 601.786332
36.000000 605.102593
37.000000 588.907194
38.000000 594.093296
39.000000 638.167130
40.000000 648.467656
41.000000 635.786473
42.000000 614.558117
43.000000 554.121187
44.000000 479.735737
45.000000 400.425787
46.000000 334.823965
47.000000 334.938640
48.000000 334.938640
49.000000 334.938640
50.000000 334.938640
51.000000 367.958475
52.000000 439.262216
53.000000 507.366881
54.000000 566.694676
55.000000 589.474025
56.000000 603.732055
57.000000 598.854360
58.000000 556.389702
59.000000 547.234556
60.000000 560.413304
61.000000 559.830868
62.000000 555.619852
63.000000 556.608176
64.000000 580.822037
65.000000 525.207172
66.000000 453.418001
67.000000 457.483930
68.000000 457.682064
69.000000 457.682064
70.000000 457.475694
71.000000 465.906802
72.000000 542.247382
73.000000 603.348889
74.000000 579.467373
75.000000 531.699707
76.000000 591.195792
77.000000 605.310315
78.000000 604.088786
79.000000 582.592605
80.000000 605.153715
81.000000 660.069128
82.000000 651.561407
83.000000 644.970350
84.000000 632.824103
85.000000 669.126856
86.000000 684.304025
87.000000 675.755398
88.000000 664.699988
89.000000 604.654798
90.000000 539.632488
91.000000 464.707436
92.000000 390.975706
93.000000 323.782223
94.000000 290.896502
95.000000 290.896502
96.000000 290.896502
97.000000 290.896502
98.000000 290.896502
99.000000 318.660243
100.000000 384.577588
101.000000 457.843235
102.000000 532.554961
103.000000 596.648482
104.000000 656.049907
105.000000 676.190011
106.000000 1031.471726
107.000000 989.679013
108.000000 984.837020
109.000000 993.370578
110.000000 1000.339044
111.000000 949.765728
112.000000 926.445842
113.000000 961.409645
114.000000 969.062918
115.000000 969.062918
116.000000 967.838035
117.000000 1002.556314
118.000000 950.137370
119.000000 870.883599
120.000000 870.753945
121.000000 870.753945
122.000000 870.753945
123.000000 870.753945
124.000000 894.204725
125.000000 994.427906
126.000000 1096.913107
127.000000 1165.444977
128.000000 1167.621955
129.000000 1167.621955
130.000000 1167.621955
131.000000 1137.176424
132.000000 1059.680687
133.000000 961.655662
134.000000 856.104865
135.000000 758.098211
136.000000 814.396620
137.000000 814.396620
138.000000 814.396620
139.000000 814.396620
140.000000 814.396620
141.000000 853.976968
142.000000 952.706010
143.000000 1059.789208
144.000000 1159.121800
145.000000 1238.623319
146.000000 1276.221754
147.000000 1276.221754
148.000000 1276.221754
149.000000 1276.221754
150.000000 1276.221754
151.000000 1276.221754
152.000000 1276.221754
153.000000 1276.221754
154.000000 1276.221754
155.000000 1276.221754
156.000000 1276.221754
157.000000 1276.221754
158.000000 1276.221754
159.000000 1276.221754
160.000000 1276.221754
161.000000 1276.221754
162.000000 1276.221754
163.000000 1276.221754
164.000000 1276.221754
165.000000 1276.221754
166.000000 1381.737619
167.000000 1381.737619
168.000000 1381.737619
169.000000 1381.737619
170.000000 1370.593371
171.000000 1322.108222
172.000000 1253.351065
173.000000 1170.428834
174.000000 1077.810920
175.000000 980.276645
176.000000 883.952881
177.000000 798.868324
178.000000 761.567820
179.000000 761.567820
180.000000 761.567820
181.000000 761.567820
182.000000 761.567820
183.000000 798.868324
184.000000 883.952881
185.000000 980.276645
186.000000 1077.810920
187.000000 1170.428834
188.000000 1253.351065
189.000000 1322.108222
190.000000 1370.593371
191.000000 1381.737619
192.000000 1381.737619
193.000000 1381.737619
194.000000 1381.737619
195.000000 1381.737619
196.000000 1475.262466
197.000000 1475.262466
198.000000 1475.262466
199.000000 1475.262466
200.000000 1475.262466
201.000000 1475.262466
202.000000 1475.262466
203.000000 1475.262466
204.000000 1475.262466
205.000000 1475.262466
206.000000 1475.262466
207.000000 1475.262466
208.000000 1475.262466
209.000000 1475.262466
210.000000 1475.262466
211.000000 1475.262466
212.000000 1475.262466
213.000000 1475.262466
214.000000 1475.262466
215.000000 1475.262466
216.000000 1475.262466
217.000000 1475.262466
218.000000 1475.262466
219.000000 1475.262466
220.000000 1466.084487
221.000000 1412.310351
222.000000 1333.953947
223.000000 1239.790204
224.000000 1137.882040
225.000000 1041.127488
226.000000 854.416524
227.000000 854.416524
228.000000 854.416524
229.000000 854.416524
230.000000 854.416524
231.000000 896.188344
232.000000 993.117341
233.000000 1098.371332
234.000000 1198.045807
235.000000 1282.881208
236.000000 1342.800711
237.000000 1354.772233
238.000000 1354.772233
239.000000 1354.772233
240.000000 1354.772233
241.000000 1354.772233
242.000000 1354.772233
243.000000 1354.772233
244.000000 1354.772233
245.000000 1354.772233
246.000000 1354.772233
247.000000 1354.772233
248.000000 1354.772233
249.000000 1354.772233
250.000000 1354.772233
251.000000 1354.772233
252.000000 1354.772233
253.000000 1354.772233
254.000000 1354.772233
255.000000 1354.772233
256.000000 1264.275718
257.000000 1264.275718
258.000000 1264.275718
259.000000 1264.275718
260.000000 1264.275718
261.000000 1264.275718
262.000000 1264.275718
263.000000 1264.275718
264.000000 1264.275718
265.000000 1264.275718
266.000000 1253.802925
267.000000 1203.674959
268.000000 1132.543027
269.000000 1047.595367
270.000000 954.028269
271.000000 857.124845
272.000000 763.160969
273.000000 681.471137
274.000000 644.072804
275.000000 644.072804
276.000000 644.072804
277.000000 644.072804
278.000000 644.072804
279.000000 676.542782
280.000000 756.768299
281.000000 850.228130
282.000000 947.147810
283.000000 1041.135269
284.000000 1126.866235
285.000000 1199.176861
286.000000 1514.477132
287.000000 1525.435747
288.000000 1525.435747
289.000000 1525.435747
290.000000 1525.435747
291.000000 1525.435747
292.000000 1525.435747
293.000000 1525.435747
294.000000 1525.435747
295.000000 1525.435747
296.000000 1525.435747
297.000000 1525.435747
298.000000 1525.435747
299.000000 1525.435747
300.000000 1525.435747
301.000000 1525.435747
302.000000 1525.435747
303.000000 1525.435747
304.000000 1525.435747
305.000000 1525.435747
306.000000 1525.435747
307.000000 1525.435747
308.000000 1525.435747
309.000000 1525.435747
310.000000 1525.435747
311.000000 1495.317199
312.000000 1427.466295
313.000000 1339.377395
314.000000 1240.215461
315.000000 1144.152020
316.000000 1325.904916
317.000000 1325.904916
318.000000 1325.904916
319.000000 1325.904916
320.000000 1325.904916
321.000000 1368.809229
322.000000 1453.886350
323.000000 1538.167771
324.000000 1610.557754
325.000000 1664.430600
326.000000 1685.797265
327.000000 1685.797265
328.000000 1685.797265
329.000000 1684.272300
330.000000 1638.152428
331.000000 1564.871416
332.000000 1487.468332
333.000000 1468.781524
334.000000 1468.781524
335.000000 1468.781524
336.000000 1468.781524
337.000000 1468.976889
338.000000 1532.302308
339.000000 1571.253535
340.000000 1545.281327
341.000000 1546.172415
342.000000 1546.172415
343.000000 1540.428415
344.000000 1513.387243
345.000000 1531.716220
346.000000 912.034132
347.000000 904.607625
348.000000 896.586412
349.000000 899.736016
350.000000 927.906686
351.000000 907.910615
352.000000 884.852106
353.000000 814.856226
354.000000 732.175667
355.000000 630.692829
356.000000 520.657346
357.000000 414.907947
358.000000 365.303999
359.000000 365.303999
